132  35  125  58  43  104  61  95  149  107  168  135  142  140  74  141  97  55  106  130  66  86  90  47  41  37  160  128  116  69  130  54  67  122  58  66  107  110  111  115  111  103  53  87  60  106  141  90  44  114  158  98  58  163  58  122  92  182  95  168  75  46  125  98  140  73  117  83  101  128  117  45  20  185  75  82  99  137  112  126  149  100  126  141  158  123  116  105  89  56  113  59  132  61  151  117  102  80  
115  110  71  67  166  96  31  125  65  125  110  48  60  116  147  85  91  143  80  30  72  156  98  179  114  51  57  21  88  128  55  151  141  82  68  91  119  86  130  78  67  17  48  52  119  29  153  20  166  16  113  88  81  91  103  92  108  154  170  115  118  74  132  138  77  107  108  136  105  133  140  76  143  140  46  128  127  66  72  138  159  106  149  127  81  94  120  79  116  10  74  43  82  131  125  140  86  103  
91  180  37  183  59  70  105  43  67  151  76  54  149  67  157  63  89  89  126  164  132  67  174  126  85  118  153  129  156  165  139  85  143  42  98  137  95  160  13  120  66  87  62  96  110  57  64  125  136  89  84  120  122  87  87  122  132  152  14  144  47  56  110  128  143  174  55  130  103  185  47  125  75  143  37  67  83  143  146  93  117  128  117  164  170  148  102  139  44  88  125  110  101  134  108  134  97  93  
116  179  106  141  87  131  90  198  77  67  114  58  127  70  94  124  35  171  33  49  109  119  171  40  54  129  94  55  66  39  80  150  69  59  90  76  31  119  115  42  57  36  166  44  50  82  61  142  131  100  49  164  152  114  141  156  95  41  125  119  132  50  138  115  122  63  159  45  95  83  81  163  40  18  128  147  154  47  63  122  124  147  66  68  70  101  100  124  92  48  81  106  61  177  112  129  62  145  
62  72  122  76  106  140  145  54  163  98  100  20  19  116  149  63  154  101  150  104  104  85  61  134  33  103  123  141  101  44  105  154  103  90  81  94  62  135  88  80  91  111  69  156  83  105  87  103  79  86  99  107  46  22  89  180  62  135  92  56  147  54  96  39  158  127  60  85  141  108  135  146  80  105  160  89  160  118  119  68  129  6  150  73  160  164  176  178  167  134  171  72  115  138  172  88  78  121  
94  37  124  100  97  114  89  71  183  75  115  76  52  101  76  73  159  38  108  60  32  152  123  111  113  54  95  167  133  132  78  83  77  50  56  67  177  181  58  65  146  84  127  75  183  87  192  99  75  185  111  63  114  78  57  100  111  50  55  125  92  109  79  62  153  169  45  144  104  55  61  64  121  76  48  139  91  144  38  79  94  72  94  88  82  134  174  148  55  118  40  162  99  105  35  127  121  98  
104  76  20  31  91  122  52  64  170  75  82  155  185  137  102  108  11  104  119  46  142  129  135  166  149  50  138  114  149  47  57  108  129  143  108  161  38  85  140  148  91  153  67  73  129  108  113  80  80  148  96  177  117  117  106  58  78  137  148  64  84  119  108  81  117  75  59  76  126  97  25  59  97  90  159  67  159  111  77  92  146  91  134  84  71  63  76  31  164  117  119  9  131  108  111  29  73  95  
155  143  129  105  175  158  126  125  107  159  115  98  152  147  43  120  168  184  27  125  135  144  132  120  134  90  159  45  71  103  123  162  136  54  78  15  141  97  110  100  128  96  84  65  20  86  106  62  63  118  109  110  71  109  119  88  61  120  147  127  46  102  138  34  107  82  130  47  74  45  182  100  160  71  25  128  107  29  114  64  172  49  120  73  190  89  152  52  20  103  89  58  122  37  62  92  162  75  
83  139  70  92  141  109  71  109  110  106  114  59  65  57  78  81  123  132  28  113  54  93  89  179  129  96  130  147  81  69  169  116  60  105  22  80  79  63  135  119  129  77  82  87  91  94  120  137  173  18  115  155  69  52  48  131  189  138  124  88  117  85  161  64  81  175  58  131  122  104  135  55  93  79  24  136  97  105  142  129  116  22  147  107  60  45  111  130  78  97  63  92  156  106  83  128  74  113  
27  79  134  95  86  113  26  101  127  125  82  74  47  93  76  195  84  187  116  18  93  30  22  86  102  132  124  81  93  49  177  40  153  88  104  124  67  73  54  141  86  140  142  166  144  70  104  123  150  100  177  123  61  88  5  126  162  78  162  139  55  108  72  91  117  80  89  64  157  25  145  57  171  92  62  158  123  50  84  51  95  25  61  158  110  68  77  78  113  178  185  98  151  188  69  94  101  72  
91  62  46  106  52  84  187  108  131  150  120  105  109  143  59  126  74  18  175  171  105  131  142  102  136  108  130  95  83  83  108  109  102  117  9  58  113  125  169  98  11  143  161  37  46  90  56  93  106  104  174  81  66  39  75  126  63  32  117  50  134  100  123  106  94  113  111  95  25  58  91  112  176  37  128  17  120  113  139  40  101  140  91  137  152  61  117  85  182  116  69  131  97  100  130  134  61  60  
105  102  88  139  61  150  190  116  164  86  62  170  183  93  49  45  132  39  78  68  132  110  150  54  102  77  74  105  93  145  119  60  112  189  159  150  181  104  138  107  118  20  45  101  134  105  13  97  45  112  104  59  57  75  94  101  93  66  80  167  178  100  119  62  121  108  40  144  119  18  106  93  155  145  191  124  179  120  20  135  99  93  101  51  79  89  23  24  104  118  134  151  76  21  163  87  145  178  
71  106  127  121  114  63  26  72  90  98  131  102  101  112  11  170  151  154  148  86  8  92  121  76  153  93  71  156  89  97  92  63  147  71  166  107  127  125  97  81  88  79  103  176  77  107  63  93  108  141  72  130  99  117  90  60  189  69  88  85  88  162  97  160  84  60  76  152  115  151  95  93  148  123  77  78  129  150  163  118  94  114  17  98  96  116  135  136  68  91  181  133  72  109  66  86  103  146  
87  83  52  80  109  142  157  142  174  82  59  124  127  108  114  54  121  153  103  141  87  137  21  114  109  123  99  61  92  50  40  140  97  86  104  139  98  88  14  112  95  58  53  119  84  77  97  46  64  78  45  66  81  43  94  163  169  109  76  91  128  28  67  78  34  179  98  84  196  76  70  78  140  142  9  81  119  75  107  130  190  149  194  55  99  149  143  68  105  98  90  109  83  64  152  85  110  145  
66  73  85  143  105  121  162  137  73  149  72  38  103  54  99  76  159  61  109  152  128  108  110  38  137  124  38  134  11  81  136  73  93  119  181  110  97  139  134  81  147  124  66  141  158  106  143  29  56  156  153  94  42  24  89  78  152  116  92  93  105  131  138  95  121  137  153  93  52  73  115  104  104  130  88  40  69  138  69  179  123  105  139  106  97  63  71  29  142  82  108  79  179  102  99  97  103  37  
102  99  26  90  68  176  90  143  111  148  183  98  125  50  73  142  173  77  94  19  72  79  126  123  126  131  63  126  35  135  90  107  100  92  125  92  67  91  75  66  88  76  118  99  62  21  133  63  31  77  74  16  117  108  90  96  33  83  168  102  65  33  114  65  194  56  53  115  148  148  148  102  71  88  88  137  30  134  62  108  131  117  32  96  64  123  177  12  32  84  93  169  158  65  178  60  115  155  
86  116  114  93  58  105  31  150  72  141  99  137  158  83  116  108  140  91  131  111  177  76  103  149  66  77  129  63  119  21  83  160  56  174  46  88  92  196  35  126  87  52  18  83  76  59  64  174  191  165  87  106  117  87  151  86  51  13  76  61  124  6  126  137  102  117  129  111  94  65  95  66  165  54  53  98  173  115  115  152  93  11  97  87  84  54  140  76  170  130  113  85  118  101  31  51  90  191  
70  88  122  30  87  89  136  36  3  149  76  53  63  118  61  101  69  65  166  122  163  113  193  153  107  92  106  172  57  60  107  38  86  129  102  83  49  33  165  81  90  34  137  108  36  147  111  105  103  126  152  107  19  61  69  152  90  126  134  57  59  80  138  63  34  94  13  32  81  128  126  33  112  108  95  95  162  38  64  107  116  50  92  115  111  135  104  132  102  54  63  90  150  159  143  159  90  111  
126  74  122  136  88  143  82  95  135  118  49  64  128  113  63  156  89  120  106  136  133  112  68  94  120  130  106  21  106  90  125  113  20  111  33  123  166  137  51  81  26  83  112  119  83  180  187  172  30  103  64  74  9  83  131  140  156  27  65  116  91  141  95  104  104  111  75  163  68  109  51  166  127  86  82  167  119  133  109  63  84  43  98  41  173  114  127  170  45  93  54  101  150  132  48  65  27  104  
106  117  146  129  147  111  70  129  66  110  82  87  20  158  160  135  115  125  113  77  135  142  124  127  86  48  108  91  13  118  139  89  191  174  107  92  73  152  131  83  65  123  118  44  184  131  57  114  83  162  160  124  72  64  114  159  105  90  109  93  68  35  39  97  118  150  114  60  82  110  81  97  61  67  155  126  40  82  125  62  145  122  65  120  63  98  38  80  30  37  134  65  143  98  49  27  124  160  
146  129  76  79  23  61  114  125  76  132  23  149  49  152  104  72  99  119  105  99  137  115  92  34  90  121  43  112  36  45  131  118  69  51  96  103  104  91  170  144  52  74  62  99  85  42  54  63  105  43  54  73  108  108  134  64  136  110  93  190  126  131  68  28  142  120  88  118  123  142  82  161  21  133  141  58  55  53  94  90  145  110  138  137  98  132  167  126  113  119  118  76  95  101  87  13  71  103  
98  81  130  94  113  54  105  112  155  138  177  123  117  61  118  145  93  171  73  101  122  118  111  128  164  108  146  12  146  46  15  20  147  119  76  21  107  99  78  90  67  112  125  117  106  98  33  120  93  179  146  180  114  98  45  99  116  62  44  157  125  111  59  165  155  126  73  85  103  118  161  79  142  103  91  74  132  83  83  87  101  159  83  152  71  49  168  107  147  63  140  65  137  143  38  102  107  103  
140  79  52  180  116  187  86  178  176  182  180  48  68  61  143  87  176  169  124  143  82  91  83  113  107  133  47  90  183  128  83  32  128  147  132  110  101  105  144  169  40  102  107  135  164  114  112  62  79  67  21  59  164  74  174  120  47  97  126  158  142  145  43  109  65  66  82  128  12  141  90  76  119  131  88  104  125  100  174  65  85  136  156  96  62  78  125  107  113  18  115  69  136  147  134  117  144  161  
102  79  161  103  85  101  163  77  176  129  116  123  159  141  151  116  103  78  61  38  87  147  73  179  81  100  96  160  86  46  57  86  31  196  103  126  112  169  133  173  130  40  119  83  144  105  109  105  91  74  126  77  54  42  141  154  157  142  130  79  96  39  85  174  76  91  158  14  98  29  48  122  60  29  87  57  61  170  54  22  78  82  185  97  92  111  118  116  127  99  48  65  94  160  159  108  110  60  
142  173  74  43  20  59  30  107  64  161  54  123  73  102  135  54  115  97  68  102  104  35  130  45  155  113  69  133  48  37  85  176  9  34  142  128  29  36  40  146  21  58  114  97  94  76  128  160  93  83  30  175  76  86  149  115  158  72  87  172  70  139  87  68  45  32  22  83  176  84  119  59  70  26  152  102  91  90  180  52  109  64  136  109  113  54  107  113  119  171  69  141  83  172  43  129  91  68  
93  125  71  144  118  80  96  189  69  83  60  134  109  116  111  45  178  130  118  81  112  77  86  95  86  53  145  46  107  150  83  187  27  40  164  117  94  118  138  119  93  118  105  126  91  84  82  59  151  71  102  105  81  98  109  34  191  81  36  183  134  78  82  18  156  27  149  106  83  34  35  99  63  120  112  96  134  93  75  160  96  141  157  100  104  94  98  133  124  137  107  66  49  62  46  116  103  122  
83  158  118  103  179  161  77  99  83  50  102  9  178  132  116  113  139  120  60  136  86  16  107  140  172  40  76  31  119  92  135  163  142  153  57  139  160  46  74  170  119  48  18  145  66  79  121  65  98  152  111  53  30  186  65  86  62  99  132  63  83  103  125  165  127  2  77  86  109  155  101  103  99  155  141  177  161  110  84  92  81  78  97  147  140  110  44  148  61  151  143  62  137  141  139  74  88  91  
63  102  115  81  64  42  136  124  137  40  78  109  129  33  121  114  115  88  110  52  103  118  91  37  107  164  28  115  44  78  164  117  77  56  76  166  58  123  77  78  128  110  162  158  26  72  121  36  146  139  22  55  128  34  69  82  120  183  99  89  116  102  39  146  67  162  85  162  105  49  125  120  98  114  114  151  76  109  50  99  102  80  116  76  64  106  151  168  55  120  21  129  102  68  143  101  113  101  
79  62  92  179  157  80  135  107  160  96  115  115  70  21  37  119  93  71  53  46  52  88  155  122  23  76  87  67  112  66  102  181  137  107  143  69  29  108  86  135  91  91  141  52  66  94  83  58  78  70  46  74  131  72  143  127  123  103  94  119  178  76  91  48  94  182  120  152  142  169  48  89  191  13  155  101  109  121  142  159  54  121  112  166  116  146  29  76  83  106  97  47  47  149  107  101  72  122  
134  175  108  104  94  117  82  151  84  131  56  147  106  107  107  53  194  58  40  97  137  84  88  58  103  123  146  90  23  137  37  91  110  87  156  151  130  90  145  121  118  75  99  184  170  152  91  49  147  32  139  97  156  76  52  188  40  27  68  111  28  95  163  83  41  69  36  110  40  147  129  87  93  25  43  122  78  144  157  102  32  111  92  24  112  79  148  103  123  187  52  92  139  97  90  136  121  140  
106  35  61  54  107  110  99  36  162  73  112  75  59  130  96  142  124  174  173  118  103  49  93  128  36  13  96  82  95  151  118  62  143  96  106  86  34  84  166  86  150  51  157  106  44  65  118  109  127  114  147  45  64  79  63  91  45  166  136  130  137  125  78  24  156  84  76  89  16  163  59  170  65  29  177  177  159  104  88  115  97  132  167  80  136  86  6  113  138  63  39  138  97  108  140  92  64  50  
106  195  44  104  97  114  142  77  136  133  131  116  75  110  100  152  17  45  99  114  65  46  137  106  135  57  82  128  157  125  145  122  109  141  110  90  77  75  94  168  99  173  93  163  116  101  167  135  137  99  112  89  177  100  102  122  68  104  113  102  54  156  71  117  169  81  85  105  4  25  102  136  48  146  99  144  26  92  84  102  119  122  43  13  86  67  109  128  119  28  164  111  164  100  100  154  140  85  
46  103  113  161  145  149  94  81  57  132  89  108  161  113  71  124  157  85  166  152  94  100  122  68  96  145  160  147  106  113  107  132  99  50  108  99  42  64  92  152  111  168  103  96  78  71  43  123  136  85  59  140  23  139  58  33  98  84  132  98  89  37  97  80  68  142  55  140  133  68  176  130  47  98  69  72  29  89  118  49  96  56  136  5  59  31  90  120  116  73  92  79  58  101  41  94  179  42  
152  99  106  147  142  161  100  138  71  65  111  119  31  101  112  70  97  162  23  86  106  31  109  55  126  161  154  99  61  144  100  101  45  46  131  113  133  62  108  136  82  103  25  173  138  99  152  32  81  158  104  42  93  175  88  138  114  65  107  159  30  17  115  130  77  25  156  44  160  98  64  130  80  154  19  90  127  102  24  46  142  95  88  67  54  176  137  79  192  149  86  103  94  57  154  72  90  84  
128  74  107  139  10  127  48  73  155  47  137  68  105  69  150  123  162  76  59  110  110  74  127  131  33  76  29  115  98  146  56  160  62  36  91  97  69  85  107  121  94  132  87  114  157  126  87  158  110  91  68  92  123  55  96  8  84  92  154  120  73  118  42  45  81  155  96  81  112  49  77  57  124  158  151  59  39  76  126  122  125  138  48  87  70  37  119  126  90  100  141  99  111  119  95  20  161  97  
97  101  58  119  119  65  103  57  111  66  20  81  86  126  138  151  97  31  131  75  40  46  90  173  76  121  159  111  75  101  92  70  106  65  151  111  44  134  133  63  142  122  112  66  130  98  83  68  152  49  20  88  132  7  109  135  155  96  48  132  39  85  55  48  95  143  115  118  110  72  69  101  88  132  128  103  77  20  116  151  84  28  62  82  112  58  186  95  132  33  97  87  111  75  54  93  158  33  
105  109  63  58  38  77  135  112  99  86  105  29  84  59  74  126  33  147  79  165  111  56  134  17  140  124  170  71  187  54  85  159  105  71  116  171  42  79  100  71  15  175  70  68  60  91  65  75  127  186  31  113  134  142  75  40  26  99  157  65  93  101  42  102  119  112  102  114  42  98  60  92  91  105  181  64  43  127  179  89  94  41  175  22  138  134  106  77  84  73  94  169  89  109  148  151  41  77  
127  70  59  182  91  20  103  107  60  104  128  71  162  55  95  88  173  151  102  152  164  99  104  139  79  104  185  142  51  82  148  66  65  77  57  18  58  36  124  98  139  68  16  62  54  105  155  97  93  21  80  118  106  126  28  70  74  185  50  35  90  157  71  176  36  146  111  170  78  120  52  87  97  6  36  124  126  140  98  72  112  96  147  102  100  58  99  86  48  86  104  69  55  19  128  69  83  143  
92  151  59  94  45  154  81  128  143  85  100  82  59  127  15  90  153  168  68  62  183  42  96  37  68  127  103  84  162  38  16  10  94  125  170  165  124  67  49  78  83  93  128  33  141  114  71  125  84  137  114  60  102  81  118  137  122  106  100  72  161  122  50  106  115  170  128  123  82  102  91  147  151  82  107  86  76  176  86  111  145  77  82  139  39  124  63  68  95  97  48  116  83  44  109  159  28  65  
143  122  167  24  90  150  99  43  132  84  42  100  90  98  72  118  32  29  25  91  135  52  107  136  120  41  73  118  105  134  114  61  129  129  43  45  129  154  65  145  80  55  145  60  102  16  120  63  98  146  87  99  52  124  76  125  29  175  134  98  19  149  31  97  77  91  112  54  60  159  124  63  52  129  134  45  84  114  92  75  100  49  102  108  69  154  98  129  64  162  112  92  66  107  59  116  164  54  
81  126  52  97  166  142  34  27  89  126  71  96  46  139  129  121  115  116  83  101  5  21  165  160  69  99  153  112  130  44  60  151  160  123  92  56  141  134  45  130  131  85  32  100  87  116  81  129  120  105  116  123  110  70  109  106  117  171  88  49  11  69  103  26  62  129  100  95  141  95  73  128  115  181  119  120  110  80  150  91  102  98  69  156  80  122  16  27  92  97  146  65  114  21  75  73  40  102  
69  31  97  88  47  84  102  62  76  118  121  113  191  140  101  73  125  54  169  149  82  87  88  40  21  70  104  151  120  32  95  89  49  121  136  108  120  77  103  134  91  100  78  80  108  114  125  107  82  167  52  91  69  107  106  103  100  58  20  143  104  127  155  104  135  54  90  105  86  144  103  125  83  94  114  115  174  86  105  46  163  158  155  83  84  157  63  99  177  127  118  58  98  170  125  163  107  124  
119  89  120  145  2  186  128  180  89  51  98  143  85  70  132  120  102  41  95  128  79  64  86  182  149  82  174  132  77  140  84  105  92  133  92  169  162  81  48  111  39  60  137  99  92  119  66  128  128  54  130  144  161  82  73  179  21  123  43  130  94  109  50  184  163  63  66  136  125  20  127  112  133  101  76  115  124  138  98  124  11  39  83  114  122  30  168  152  47  104  157  145  9  94  107  104  107  62  
105  165  175  77  110  92  137  71  159  116  98  126  54  109  108  185  45  41  79  95  59  108  54  93  110  105  70  151  52  117  48  105  124  170  46  140  122  115  84  112  134  120  82  150  28  84  113  119  70  109  178  42  120  77  97  131  142  121  143  109  144  86  79  98  135  174  149  118  45  123  91  84  53  109  139  124  105  76  134  71  65  113  124  64  37  91  129  62  89  61  98  76  107  57  87  153  148  111  
85  103  38  98  31  165  45  56  174  150  143  131  88  103  171  25  52  55  12  62  141  45  69  128  187  136  82  166  135  135  142  87  74  77  110  121  79  95  70  19  102  104  154  62  71  160  132  37  117  71  76  62  68  74  147  125  40  89  51  80  6  54  94  183  91  139  153  93  14  128  72  103  75  40  77  68  16  98  89  92  77  117  48  57  54  105  47  187  127  65  174  109  108  17  12  119  131  78  
28  111  70  119  74  67  102  64  67  156  166  130  130  42  97  60  120  129  76  146  115  84  46  96  100  136  93  151  123  140  69  165  154  53  74  108  44  134  53  138  26  92  155  37  138  129  180  168  76  105  51  100  111  33  47  94  102  33  125  114  83  137  51  101  106  107  114  147  29  88  93  63  118  65  119  121  161  84  71  13  42  91  74  143  48  49  85  113  132  105  139  24  102  91  111  112  174  79  
52  55  47  89  126  66  63  114  149  42  152  135  52  77  27  19  59  54  175  109  131  111  105  168  11  74  71  36  4  33  97  129  133  22  66  113  17  137  93  150  86  97  102  111  95  103  49  197  122  74  173  37  86  43  118  41  181  112  116  104  130  127  187  60  112  144  168  111  84  99  71  37  80  145  98  134  99  26  95  80  116  87  73  94  83  67  23  128  185  115  7  73  140  106  107  139  117  109  
71  84  165  107  109  196  37  105  90  46  3  68  88  91  74  120  125  86  144  187  111  26  95  36  109  147  77  52  110  76  87  124  96  66  28  174  51  123  116  189  69  103  120  70  81  133  28  55  27  192  134  95  193  156  67  64  100  101  124  177  85  69  126  83  58  183  143  102  77  17  104  118  146  32  86  140  67  145  115  153  42  94  166  87  140  151  139  139  128  139  115  134  86  96  42  16  125  40  
157  131  111  106  100  140  57  24  100  66  80  148  35  93  98  137  119  74  114  84  155  30  59  103  57  130  104  72  40  113  126  163  101  174  47  131  65  145  69  76  132  108  139  22  83  70  79  8  104  65  133  102  93  105  102  47  88  118  158  129  158  111  42  70  54  102  27  67  191  130  173  141  47  95  143  62  77  87  137  168  152  97  142  42  56  90  96  92  137  36  102  104  137  131  114  151  104  134  
47  110  22  132  107  98  138  123  96  56  140  142  64  16  123  124  85  67  59  116  68  168  66  63  179  151  92  170  122  56  118  89  79  109  131  41  87  142  112  107  16  122  92  165  112  106  96  78  96  129  129  88  25  169  97  63  29  158  186  74  90  66  96  90  98  103  122  81  83  97  61  95  37  162  147  67  77  117  39  93  129  124  158  178  75  39  103  71  138  71  96  131  131  120  92  92  79  103  
124  97  149  47  127  59  32  50  89  59  53  94  51  31  61  137  103  77  44  37  31  145  112  84  65  99  33  50  95  104  66  85  53  51  32  94  108  65  124  146  71  74  91  152  68  15  46  86  119  115  93  85  49  33  121  64  175  107  44  89  108  125  71  197  118  121  29  74  59  55  33  146  18  55  40  142  144  127  115  132  23  135  88  124  36  97  82  106  88  134  55  166  151  111  152  123  35  128  
13  75  77  39  78  101  136  140  86  104  70  125  146  113  85  154  96  88  97  94  79  97  186  129  97  61  157  144  126  94  168  122  126  47  169  72  97  71  90  69  94  132  116  100  90  121  94  101  127  162  95  123  46  63  65  49  131  122  174  136  155  77  59  158  148  92  126  184  87  74  173  93  150  106  28  5  60  34  106  122  116  97  91  83  91  56  55  183  39  116  9  83  65  167  128  104  60  91  
147  181  76  63  75  120  77  8  118  74  89  100  141  105  68  155  158  58  149  75  113  79  148  135  50  104  95  106  103  46  26  122  194  115  129  73  114  81  167  93  170  97  130  125  95  160  74  79  93  137  137  183  99  157  131  59  63  59  107  67  87  103  81  103  128  143  93  57  142  76  95  63  29  7  177  137  72  116  146  95  28  64  87  135  118  107  100  126  120  139  47  134  123  120  51  46  118  166  
84  183  102  94  107  191  81  102  65  30  74  150  101  43  135  138  77  69  118  93  67  23  188  168  54  81  57  73  107  165  63  184  143  71  98  72  93  19  41  144  107  154  114  168  179  80  103  35  129  88  186  136  35  27  115  72  136  96  49  76  103  107  108  121  170  163  29  148  147  118  127  70  94  102  147  145  146  52  82  187  157  41  101  132  95  148  88  74  125  34  136  44  129  120  29  76  75  64  
184  97  112  150  150  179  140  107  143  70  169  131  61  123  125  57  166  80  29  77  138  68  22  169  110  103  110  129  42  134  90  138  123  194  69  45  125  101  153  123  77  12  142  88  129  131  155  70  156  121  83  164  84  147  63  137  147  21  124  101  136  191  169  74  185  148  111  162  73  92  131  116  66  146  6  98  45  123  69  157  92  168  85  64  41  196  100  95  178  21  172  76  129  78  85  120  131  115  
43  93  109  99  80  108  177  78  62  127  154  27  190  49  151  96  166  87  80  118  130  106  117  84  54  137  161  51  109  92  115  79  101  16  67  12  66  99  148  102  109  47  101  117  95  100  65  112  95  143  76  42  134  173  99  149  117  195  99  37  172  91  143  23  124  73  114  15  55  55  70  109  21  29  45  54  167  29  127  88  167  140  121  56  33  147  44  21  133  89  121  113  139  98  71  68  105  68  
109  98  38  121  40  35  150  48  159  118  100  67  85  156  91  149  72  64  86  19  141  105  112  65  89  85  114  158  124  108  49  67  85  124  42  76  112  110  129  52  72  66  163  145  75  130  77  132  87  13  160  83  114  142  69  40  81  183  151  83  71  76  165  91  142  71  88  35  81  82  131  46  144  154  104  48  95  117  142  38  111  72  113  94  139  92  164  115  88  45  82  98  61  140  68  105  93  114  
100  96  122  87  97  30  82  82  134  112  64  158  101  104  25  64  142  81  24  68  27  120  108  154  179  106  4  129  131  117  81  92  24  136  46  65  59  69  145  122  28  146  113  97  82  76  177  101  49  108  125  58  111  101  64  85  68  70  88  105  122  155  85  86  68  101  114  164  119  103  67  51  118  136  124  109  199  161  111  116  92  93  111  70  114  99  149  114  107  49  107  161  70  163  51  95  28  17  
63  158  137  127  67  109  100  37  117  58  115  170  130  147  108  123  39  94  77  61  118  112  115  143  95  164  34  73  163  132  71  90  165  93  89  174  104  88  142  85  177  75  140  180  118  111  135  56  43  77  122  59  157  97  22  30  73  89  181  141  183  19  62  94  55  40  137  143  149  71  39  142  121  90  127  43  95  79  151  148  96  19  69  111  156  111  43  78  56  13  115  76  70  116  137  70  125  110  
138  64  154  107  145  52  48  59  75  149  37  162  44  113  111  77  87  132  78  109  101  188  109  73  122  154  65  79  100  80  135  145  56  106  130  100  165  88  173  31  131  66  176  128  105  67  87  164  79  182  99  93  105  152  96  148  111  96  161  41  152  67  82  123  90  180  56  165  101  113  99  164  123  167  95  129  147  32  140  80  131  157  171  101  100  57  16  80  51  110  141  88  119  32  79  101  97  98  
81  156  95  149  104  82  23  136  47  117  70  73  72  66  93  104  85  34  77  124  113  96  43  99  17  66  142  81  172  68  81  137  147  178  30  80  125  97  111  105  105  84  153  101  116  118  96  139  112  103  48  92  93  80  38  54  109  126  34  34  127  140  123  74  64  138  160  62  101  82  87  84  94  152  148  109  99  21  53  78  99  92  86  90  51  62  111  65  73  45  145  135  146  44  88  131  129  170  
148  73  40  69  181  113  76  104  108  19  56  72  61  180  67  73  64  93  161  166  115  127  92  127  24  125  150  90  74  107  23  153  105  92  138  157  165  167  102  61  77  117  118  134  96  137  161  142  124  45  121  122  110  86  22  95  48  19  109  127  56  105  82  103  61  80  30  109  69  52  88  91  86  165  137  13  23  156  162  130  137  124  106  72  37  100  150  62  110  125  47  108  82  90  131  130  65  163  
117  144  113  109  37  63  170  40  119  59  60  35  160  99  76  109  54  104  49  81  30  135  88  35  140  163  108  140  30  129  163  39  102  158  133  24  139  94  127  105  135  161  95  99  148  112  146  92  23  145  73  86  95  65  89  175  48  97  92  89  153  106  63  59  65  150  193  49  37  35  118  159  104  155  40  163  95  75  108  132  184  113  135  182  187  96  141  103  144  104  125  136  111  125  129  121  46  154  
105  83  104  41  100  21  167  96  109  130  55  56  60  57  140  100  130  134  89  96  28  35  118  100  84  184  143  101  90  158  156  36  139  122  110  138  45  100  145  9  82  141  60  49  102  96  99  74  137  118  69  89  22  52  113  34  80  122  174  46  83  159  116  103  101  177  179  69  80  105  79  81  185  58  57  71  111  101  32  103  37  57  77  145  109  99  123  117  89  77  72  81  176  166  53  34  85  159  
18  82  65  128  53  65  65  134  153  93  167  17  185  106  109  64  75  117  102  148  118  145  150  44  5  130  75  113  105  156  80  88  134  159  80  106  132  104  124  80  98  55  137  103  113  115  114  55  109  147  84  140  71  120  103  61  78  58  101  106  112  71  65  154  90  126  168  70  105  180  94  88  139  167  49  97  116  107  121  100  78  81  156  60  177  44  95  19  17  67  18  37  110  68  84  79  106  40  
58  146  158  156  94  75  118  99  55  161  37  128  140  148  142  149  115  101  82  179  150  144  39  112  105  142  55  134  138  90  80  50  141  124  89  101  66  86  109  46  97  58  92  117  119  36  110  69  157  129  118  83  42  125  135  120  84  126  99  86  60  38  95  54  29  161  101  157  81  115  103  87  130  181  61  87  48  84  43  130  142  170  104  86  99  104  97  189  48  39  112  45  116  166  156  143  128  172  
110  101  68  116  103  75  134  135  165  65  39  119  98  154  134  116  127  146  95  116  138  24  121  114  121  134  86  101  160  83  57  174  110  26  74  131  88  128  40  57  59  93  82  147  93  19  83  111  108  125  79  85  101  84  87  147  74  67  59  115  107  104  95  151  82  147  55  70  168  90  81  82  160  118  109  140  31  23  153  106  67  147  124  191  103  36  89  45  146  61  119  160  26  144  46  75  89  145  
170  149  103  174  68  156  155  61  119  139  102  84  85  55  101  87  108  69  118  86  126  141  115  60  133  114  64  92  113  138  56  187  38  102  176  152  130  115  25  41  169  132  143  85  167  104  12  100  86  158  137  92  102  92  132  60  91  137  132  9  169  147  99  140  96  124  161  166  104  31  64  135  150  124  96  192  16  97  52  40  74  159  65  31  107  168  120  105  60  180  173  101  31  78  96  70  64  40  
187  52  121  150  58  159  163  168  72  57  183  93  129  30  39  97  43  156  125  115  190  110  42  96  121  105  126  44  77  116  86  90  63  88  132  50  69  79  108  198  178  138  103  157  85  185  26  126  17  106  94  155  60  83  20  138  42  96  124  130  38  47  74  112  138  11  126  138  132  166  141  64  104  127  39  87  149  87  40  31  108  134  43  99  117  23  129  97  131  173  105  86  172  52  41  188  104  96  
86  138  157  55  69  67  63  119  133  148  112  157  135  47  87  49  109  107  147  91  121  159  75  129  133  141  38  163  66  141  91  123  131  132  55  135  72  38  94  129  35  142  107  81  143  175  104  129  66  87  128  41  143  88  83  71  39  77  120  157  75  105  56  112  43  110  37  68  94  133  73  73  55  188  143  79  100  121  113  42  188  142  108  165  168  107  139  104  117  53  145  96  143  58  70  111  101  167  
86  90  92  181  153  138  77  120  160  120  78  76  116  167  68  99  146  68  82  30  95  151  91  106  142  115  101  68  130  136  96  95  74  68  130  102  164  139  29  68  75  113  63  44  127  133  74  67  98  92  159  161  108  96  128  57  134  98  166  151  98  124  48  44  87  113  47  92  97  31  123  58  122  103  84  44  138  76  36  71  167  107  92  47  7  33  159  67  123  172  55  110  89  76  63  76  110  128  
53  90  88  94  71  159  46  106  107  54  89  98  74  161  77  96  64  190  88  91  105  27  28  174  24  47  78  22  120  169  142  33  82  116  101  45  77  111  112  146  50  118  93  115  144  64  98  121  115  64  98  54  75  104  104  92  148  75  21  157  151  44  56  75  159  148  49  59  74  104  110  151  50  187  51  169  96  91  49  173  113  66  99  98  107  127  137  61  134  30  84  75  58  111  92  137  15  84  
165  129  160  136  136  62  112  101  166  44  132  146  131  55  51  61  86  98  82  124  112  87  91  174  66  114  131  115  109  94  29  138  138  38  187  128  52  79  46  94  150  150  73  175  51  142  73  123  111  187  36  82  31  47  120  69  35  91  95  122  84  172  161  23  101  53  51  82  159  102  89  87  75  33  25  67  95  86  84  97  23  170  150  90  124  91  113  57  155  125  147  151  50  122  169  7  108  119  
125  160  58  75  134  140  98  100  120  163  183  133  118  95  92  13  96  116  98  108  136  119  15  114  70  150  65  152  98  63  8  144  13  73  93  121  92  17  104  82  128  103  183  140  159  96  108  179  103  108  95  56  81  147  124  25  121  107  87  106  77  43  105  78  8  129  91  144  164  165  123  91  98  127  57  140  109  111  151  100  91  74  34  186  135  124  81  127  147  34  105  40  85  31  92  95  117  146  
143  136  179  146  177  107  105  158  160  96  133  135  164  70  101  115  105  88  80  72  114  116  33  111  128  123  161  72  102  99  80  108  110  138  140  184  79  149  161  44  49  50  81  96  99  141  111  160  94  69  98  48  148  59  176  137  100  45  98  127  92  109  83  27  67  187  157  142  159  125  127  133  52  98  105  188  158  131  46  128  139  151  88  117  145  109  147  152  101  143  26  127  59  97  63  76  98  93  
88  118  124  118  105  179  131  100  118  84  85  69  91  191  90  133  121  99  50  57  151  111  94  178  77  90  75  77  160  110  93  84  63  86  122  138  35  166  163  120  37  158  66  53  51  53  98  93  45  22  90  169  87  64  104  132  83  40  81  118  94  43  62  29  59  95  111  98  137  63  43  125  67  120  134  29  140  115  108  129  97  71  67  19  86  130  60  67  22  32  71  120  100  55  34  91  129  48  
74  113  40  63  88  123  69  176  108  84  103  103  152  132  137  30  104  79  136  30  136  78  105  59  63  170  54  74  113  54  59  162  136  122  103  76  89  155  164  102  75  74  67  77  133  97  178  95  60  159  165  111  89  181  189  121  157  119  156  33  84  122  102  107  133  33  78  106  142  75  40  93  174  140  76  153  6  137  125  65  87  43  64  118  78  182  107  145  41  154  144  85  175  50  86  57  108  94  
168  57  69  142  97  105  32  164  119  123  127  47  66  134  127  71  143  101  94  151  32  111  33  167  96  121  71  132  146  177  175  118  29  95  120  35  162  158  5  77  98  183  121  121  103  149  44  71  37  103  106  148  54  66  129  122  46  29  46  38  87  124  101  101  84  78  106  43  83  163  98  139  132  122  67  93  69  101  97  81  132  38  89  95  165  88  74  124  136  91  105  176  96  72  174  125  143  107  
76  127  47  143  37  71  80  138  73  111  22  128  81  115  89  149  110  136  122  153  159  94  109  109  109  167  80  47  121  56  74  130  180  100  101  152  161  112  118  160  128  47  65  80  60  193  68  155  141  126  135  57  52  151  139  103  100  101  131  74  73  183  133  88  75  87  75  74  106  90  141  41  130  85  68  18  96  152  83  125  15  130  44  188  160  136  171  109  88  80  120  143  119  121  36  46  17  78  
142  97  116  67  85  94  95  119  46  82  93  150  78  127  124  60  43  143  90  100  59  147  159  113  111  158  104  105  123  71  114  113  85  169  23  134  101  74  149  173  54  87  95  71  53  99  104  86  51  138  94  168  120  50  111  97  116  133  67  70  80  156  76  92  93  52  78  98  106  143  94  75  107  148  95  12  122  64  180  143  96  117  101  86  117  40  124  53  57  40  197  121  127  78  2  95  169  64  
134  107  49  104  93  142  63  85  42  91  100  107  138  148  92  96  18  61  94  63  55  110  78  93  114  185  95  169  161  180  92  84  149  161  132  119  85  156  54  92  126  83  108  17  119  96  44  166  95  18  135  103  90  117  140  119  129  170  132  137  124  105  175  107  133  115  187  164  37  151  78  79  70  173  94  135  158  139  147  106  141  73  143  148  121  52  147  168  94  163  49  89  133  68  52  56  121  116  
20  43  123  87  126  61  89  126  186  71  125  71  86  120  92  133  25  33  75  54  128  69  169  106  48  85  127  75  165  150  94  88  116  108  161  130  99  158  139  120  172  142  84  138  82  133  142  138  56  46  141  12  112  78  23  186  98  106  57  102  122  102  132  103  164  14  106  104  47  99  105  132  65  70  136  185  96  124  93  139  132  59  151  167  157  92  77  53  162  97  175  138  133  173  79  137  127  93  
69  116  140  26  86  111  128  51  128  70  119  34  129  160  184  126  171  127  154  93  121  43  64  120  44  135  130  110  73  117  38  124  76  59  98  109  164  140  30  166  103  89  103  31  99  154  140  158  65  179  130  125  120  62  106  58  175  114  60  54  198  93  134  169  36  109  154  157  40  96  80  73  152  68  41  134  84  140  134  27  28  60  168  122  151  178  122  32  122  96  56  45  65  108  146  98  49  132  
41  103  86  13  131  95  166  58  50  192  106  53  122  69  71  94  104  112  99  82  130  92  31  166  111  175  53  168  62  145  116  146  116  145  139  115  60  89  50  9  100  107  72  119  173  84  52  65  101  104  103  112  122  52  136  36  160  108  123  104  162  75  150  84  143  96  102  121  88  151  154  78  69  96  119  72  179  170  157  66  72  121  90  120  104  103  126  150  131  164  36  52  177  108  132  65  75  84  
110  75  128  148  120  32  166  194  178  175  136  34  42  3  115  80  134  32  96  123  67  114  54  93  67  86  100  27  104  116  119  120  95  91  188  113  69  108  108  113  102  103  167  181  58  17  78  106  90  66  87  132  86  154  121  105  182  87  78  84  78  59  133  152  130  90  119  57  67  124  108  120  102  143  69  110  99  40  159  101  96  32  136  119  161  97  107  102  98  115  123  67  98  111  22  112  120  120  
109  58  127  155  74  158  63  165  121  74  101  124  32  27  132  45  141  168  154  95  34  106  102  76  144  132  101  100  47  108  126  112  114  33  44  36  66  75  136  124  48  91  89  76  125  54  142  164  77  161  49  66  89  55  79  180  175  138  136  82  91  138  65  24  143  85  141  133  74  18  117  45  105  84  141  143  124  133  118  148  16  97  101  51  30  101  178  80  167  84  131  156  107  142  74  126  152  36  
67  70  18  111  26  81  77  124  167  106  164  131  80  63  22  31  30  93  125  44  96  69  168  122  150  156  112  105  108  89  137  77  124  53  119  47  141  138  73  129  130  81  171  93  86  156  30  108  11  87  83  145  19  94  183  91  117  115  78  134  130  103  32  81  72  147  150  134  119  154  56  39  108  90  74  110  61  120  79  97  131  84  42  52  70  41  104  145  51  65  56  96  84  96  178  86  169  114  
149  122  87  135  43  37  107  78  83  109  17  152  107  164  116  123  45  91  89  148  111  15  20  99  78  40  58  112  175  143  16  127  91  90  67  103  100  40  82  71  85  102  167  93  108  112  81  158  64  99  61  60  111  9  65  73  89  92  139  44  126  146  104  126  80  119  126  10  74  94  42  69  186  82  127  194  130  98  141  77  64  65  12  94  88  125  140  114  58  120  92  72  118  44  71  144  136  99  
162  104  85  83  156  131  57  63  67  47  135  21  97  44  159  59  83  107  34  86  122  122  118  11  150  166  31  66  19  98  129  101  47  135  84  113  102  103  153  122  92  121  81  93  70  52  32  28  72  40  147  145  12  141  87  35  90  51  76  121  184  109  175  123  194  97  124  164  109  149  158  154  92  101  81  45  24  144  121  118  104  170  13  103  77  40  94  59  101  157  99  105  165  52  89  145  120  29  
155  124  27  71  11  102  83  118  82  53  117  120  41  40  83  89  149  107  101  41  119  130  173  70  11  29  116  102  140  171  104  142  136  102  105  139  114  187  45  53  194  90  105  129  56  115  105  139  61  133  169  99  29  93  111  103  81  156  152  57  109  82  20  149  92  103  34  15  81  97  137  94  124  57  92  113  116  153  34  156  134  95  75  142  29  43  120  108  89  127  89  97  29  128  124  64  100  107  
120  135  109  18  127  134  130  86  22  6  101  29  92  100  56  134  26  106  110  18  126  71  117  77  67  67  37  55  57  49  97  68  26  157  36  150  63  30  101  98  147  132  104  49  26  13  193  102  84  96  142  82  143  158  108  139  100  118  104  52  155  92  119  36  22  151  190  128  129  171  119  48  71  103  38  99  112  75  104  128  88  119  145  147  148  66  187  101  28  144  56  97  50  115  112  131  70  49  
157  172  121  159  72  125  115  57  137  71  108  86  74  109  115  57  86  128  141  102  106  121  131  161  43  63  70  182  67  106  119  102  129  110  92  149  118  118  80  171  45  109  164  67  131  136  72  46  107  186  105  122  112  162  109  130  140  159  123  121  157  110  29  51  144  163  116  30  68  34  150  97  73  36  88  77  56  68  91  74  84  98  97  138  139  59  103  53  137  180  91  43  50  131  39  36  79  103  
77  93  168  76  139  145  111  157  91  87  105  87  126  90  179  90  57  104  152  134  79  22  40  110  111  88  163  85  80  59  132  149  75  76  49  156  169  84  176  99  119  55  82  37  141  71  99  43  49  67  163  130  101  49  87  53  96  94  134  87  149  118  143  107  132  67  85  143  54  84  25  95  87  17  151  36  68  172  177  197  64  129  92  109  151  105  69  63  152  37  164  43  86  68  162  84  147  29  
19  145  152  178  88  50  109  175  52  137  40  144  38  76  61  63  84  41  118  140  41  136  104  165  69  82  51  79  104  47  106  74  88  153  70  98  38  117  94  58  131  10  106  144  71  93  187  96  99  71  125  111  140  69  130  34  100  11  135  102  71  109  90  74  157  172  169  60  51  113  87  127  117  77  78  110  120  84  86  101  131  99  31  25  95  127  156  116  81  27  143  102  101  142  136  120  143  42  
0  171  123  136  19  99  118  93  144  112  173  140  100  63  122  86  179  100  65  68  103  78  33  11  89  144  140  60  89  150  94  120  149  148  68  0  132  189  96  169  118  118  137  147  128  115  86  96  142  106  139  149  87  75  15  171  54  167  115  76  53  156  191  7  87  111  108  84  78  135  100  92  90  27  179  128  99  119  78  141  141  108  126  91  182  38  135  133  134  131  85  29  119  57  119  145  94  125  
127  83  87  83  102  174  156  104  170  71  65  30  165  132  110  133  88  42  160  61  86  60  43  87  156  98  181  28  124  28  118  100  52  115  166  124  53  102  32  54  122  86  65  104  102  162  124  100  166  165  144  129  86  179  38  108  98  101  107  175  114  151  147  87  52  168  77  100  42  62  104  66  97  82  128  66  97  155  148  160  21  129  43  87  119  57  39  134  124  95  25  129  93  69  167  126  97  89  
65  115  9  99  36  8  122  94  111  46  94  158  155  104  82  146  160  96  99  110  29  93  102  59  128  51  127  36  78  53  88  178  53  176  100  45  87  143  56  135  57  153  86  136  95  78  43  155  133  94  48  164  67  98  122  107  36  86  90  162  104  104  73  92  89  198  107  99  67  85  90  160  89  19  88  106  84  132  95  101  120  149  87  121  102  106  100  103  85  89  123  119  91  89  89  181  94  100  
134  141  106  101  57  70  96  119  103  149  125  66  53  94  104  131  41  179  64  77  145  115  48  120  135  110  181  91  107  96  180  87  191  121  43  93  126  82  122  112  156  80  62  148  103  135  120  77  47  40  95  89  49  84  94  29  71  119  82  150  25  139  144  54  72  63  124  95  168  88  68  97  103  111  40  123  143  21  121  171  105  120  167  90  97  135  65  135  175  122  72  45  86  40  137  113  93  146  
