98

49  34  100  50  14  94  10  18  51  85  83  50  94  41  64  85  18  25  41  94  54  31  46  2  32  6  78  80  49  22  77  39  34  91  2  66  33  15  37  87  14  38  0  86  42  66  93  82  17  42  89  81  10  69  0  39  67  86  64  78  19  25  77  82  80  24  31  66  54  45  54  8  5  97  39  44  99  71  15  56  72  2  61  57  75  83  73  8  77  23  86  56  38  43  90  31  27  26  
82  35  31  11  88  28  6  67  17  69  90  38  52  48  61  0  77  70  42  7  52  97  24  89  46  17  3  6  85  42  51  94  78  21  16  17  99  53  94  63  52  15  21  35  34  10  55  10  66  7  89  51  49  20  25  74  84  94  97  21  73  28  39  85  20  73  85  92  62  72  72  72  78  58  16  34  53  49  21  72  98  10  56  80  3  24  76  73  37  0  73  23  77  46  53  95  23  58  
59  99  35  98  11  10  85  35  45  64  76  50  58  26  70  49  11  87  92  90  74  30  84  34  72  84  54  59  70  95  95  2  84  39  22  91  91  62  7  85  65  68  61  82  50  51  42  85  98  7  59  100  100  7  59  68  51  55  13  94  20  8  40  77  46  95  30  83  51  86  41  53  68  46  22  4  16  58  61  59  74  86  21  86  85  81  20  66  37  9  28  16  97  39  71  71  16  20  
51  86  65  61  70  59  71  100  31  30  70  2  72  21  5  26  34  77  29  33  79  87  75  39  13  58  11  13  54  6  54  64  25  20  64  33  19  53  99  18  36  7  96  42  15  8  45  63  44  41  23  89  73  38  45  84  35  29  61  37  62  31  55  58  48  52  78  7  37  12  40  79  28  4  36  96  73  46  22  35  45  75  48  16  34  94  52  85  79  37  78  50  53  93  37  49  13  89  
54  7  49  65  80  93  94  9  73  18  89  4  14  95  90  11  87  54  60  39  88  51  24  37  11  19  52  94  57  13  70  93  90  86  81  42  14  36  87  14  77  57  51  70  61  65  49  68  8  32  70  38  17  14  30  90  11  53  17  43  74  15  92  25  87  96  53  19  49  12  88  79  9  12  70  49  89  93  88  32  41  0  85  39  69  90  93  93  97  97  71  35  69  89  91  40  29  22  
50  36  97  81  81  92  1  56  98  64  75  74  37  88  12  66  64  14  21  7  27  85  76  33  45  48  26  74  96  56  21  68  62  8  48  9  100  81  7  40  52  31  87  42  99  1  98  21  29  98  22  43  46  15  48  92  46  0  15  33  42  41  76  26  55  94  22  54  43  16  10  54  83  51  23  56  24  58  36  72  53  54  75  0  13  77  82  53  1  99  27  88  12  38  5  95  100  49  
98  64  13  4  39  69  21  15  93  22  2  79  86  79  36  15  0  51  40  43  93  82  53  81  94  14  78  49  100  7  41  27  37  69  84  74  0  9  98  53  7  90  64  31  65  57  38  25  72  49  26  83  63  29  44  0  16  54  93  24  84  28  75  69  31  28  43  10  57  93  19  10  85  34  80  60  81  73  43  71  59  28  85  46  8  49  15  1  73  43  45  8  96  59  86  24  52  52  
79  91  40  82  96  79  43  73  69  83  79  15  76  86  38  94  76  96  27  91  35  70  79  48  93  27  72  17  66  99  78  69  68  6  9  6  63  43  62  46  38  65  42  11  17  57  34  12  12  63  9  10  37  41  54  56  40  41  59  46  20  86  61  23  81  33  79  41  53  26  95  96  85  0  15  35  27  25  67  4  92  44  94  1  97  38  81  7  0  44  31  41  96  0  34  71  91  59  
69  96  20  36  96  18  70  28  68  41  72  3  6  50  59  55  86  65  8  13  51  73  47  91  73  6  37  79  81  29  100  47  44  80  11  6  67  59  72  91  87  0  78  69  47  91  28  67  77  10  70  98  12  6  47  78  100  82  95  38  33  73  68  33  12  84  13  80  29  43  91  19  60  55  4  51  29  49  69  94  29  10  96  42  30  12  98  65  67  77  3  2  94  69  16  65  22  23  
11  20  51  61  57  67  8  40  82  61  39  49  36  52  53  99  25  97  99  9  78  22  7  37  16  43  69  65  80  9  89  12  63  70  40  33  57  67  13  75  73  85  58  98  71  50  33  30  61  22  80  46  41  5  2  40  69  70  77  83  10  92  31  0  97  27  10  0  77  15  100  12  95  90  9  67  55  38  0  13  26  1  39  79  26  38  20  20  49  91  86  57  99  100  14  57  84  39  
61  54  40  56  10  9  100  44  97  58  51  23  57  48  19  53  22  14  76  78  74  57  79  11  57  50  69  72  6  35  66  18  99  84  5  2  29  91  94  19  10  62  64  6  25  79  27  44  93  27  93  53  38  18  28  73  21  32  71  11  56  43  69  81  23  23  85  40  14  29  32  36  92  19  34  15  76  84  53  39  54  60  18  54  88  40  74  20  82  82  30  70  10  3  68  65  27  19  
8  64  32  100  39  72  90  19  86  47  49  97  85  79  11  19  57  39  37  56  58  90  99  2  91  71  10  42  61  97  76  58  81  99  65  68  85  6  99  25  96  12  18  69  87  28  10  60  4  84  85  59  31  54  53  75  76  0  73  92  86  10  20  62  75  15  38  63  26  13  85  81  71  74  95  57  86  87  16  88  44  1  87  14  35  61  9  20  73  50  35  92  59  19  80  29  53  87  
0  11  96  35  70  62  4  37  77  24  46  25  85  51  0  99  82  99  49  81  1  27  66  60  78  76  19  59  62  72  86  7  54  30  79  67  58  49  86  9  69  67  50  88  70  19  47  31  15  44  53  100  75  33  47  26  96  33  0  60  24  70  95  65  31  12  22  91  30  98  42  30  52  70  66  17  29  50  87  49  85  49  16  26  52  95  100  96  16  5  90  92  67  42  2  67  75  73  
70  58  38  47  78  100  77  80  98  13  32  76  64  16  22  49  43  80  79  64  30  49  5  88  88  51  59  30  13  11  18  96  2  2  19  54  24  28  1  40  23  38  50  90  82  38  22  46  60  48  12  10  15  2  75  68  79  72  74  64  67  10  45  32  25  81  97  64  96  21  58  42  59  93  9  78  53  0  44  81  99  73  99  4  34  57  88  42  100  62  51  23  28  62  64  20  27  50  
32  44  56  48  6  80  65  93  42  73  64  25  87  3  39  62  98  15  24  52  36  10  43  4  99  84  4  53  4  31  81  29  42  90  97  80  8  73  66  37  54  31  66  97  62  39  72  5  29  90  62  51  25  18  39  16  69  16  25  12  26  52  64  23  62  94  62  69  22  59  29  47  51  90  38  22  50  80  40  95  84  7  85  77  16  36  52  2  45  28  43  36  94  84  48  70  83  25  
33  79  19  31  36  77  11  88  79  90  91  17  60  32  44  42  97  30  84  17  41  69  58  30  77  33  13  100  26  71  47  32  55  18  66  7  11  89  34  9  17  57  39  46  17  1  50  57  26  52  4  6  42  43  10  68  26  59  70  52  42  27  78  32  95  3  4  79  51  71  64  94  60  25  8  51  29  69  46  96  83  50  17  81  23  98  90  3  22  28  0  90  72  29  92  42  48  58  
54  99  23  90  6  54  0  74  59  52  99  53  83  72  63  42  42  29  44  31  82  10  70  88  57  52  93  28  28  14  71  67  29  84  16  34  20  98  24  28  43  31  17  79  47  45  18  83  98  84  68  19  62  64  52  82  46  7  54  35  80  2  99  77  86  80  46  46  30  52  6  6  100  34  25  79  88  52  39  55  27  5  76  52  18  30  87  21  80  65  74  33  81  44  22  14  85  100  
70  61  63  20  5  39  93  17  2  73  62  30  28  99  23  29  3  9  91  41  75  58  98  53  43  49  56  80  43  24  27  30  71  29  27  31  45  18  73  11  66  26  80  55  34  81  79  32  81  63  61  46  11  43  7  92  82  42  91  38  15  53  80  2  2  60  10  17  31  51  36  25  40  41  58  3  89  38  37  51  66  0  37  89  45  52  35  97  44  50  4  80  69  79  55  95  33  98  
51  50  36  54  51  48  2  77  46  75  23  59  44  18  46  69  19  89  50  60  97  66  23  4  57  85  19  20  48  47  81  23  17  29  8  44  74  65  33  66  14  15  83  70  1  83  100  89  19  63  46  10  5  78  40  79  95  25  63  60  67  50  86  13  36  74  1  93  21  29  44  95  76  73  82  79  38  89  71  61  34  25  90  4  82  34  31  80  18  29  17  45  84  87  3  29  15  16  
68  62  79  68  51  17  35  52  21  79  43  22  20  76  63  86  18  53  64  39  41  98  96  64  76  21  29  70  12  79  54  4  93  89  47  1  49  90  95  0  6  74  55  7  92  99  27  88  25  70  91  86  54  34  75  96  51  76  9  29  38  16  34  63  83  96  38  2  77  63  10  97  4  7  97  34  28  75  49  14  85  61  10  92  58  3  7  38  2  2  64  26  62  29  18  10  51  60  
65  74  31  31  12  13  18  100  18  93  18  93  47  83  86  65  50  22  66  54  79  25  65  23  22  57  9  20  8  17  75  74  7  51  67  62  26  54  84  78  31  65  1  89  43  0  49  48  51  13  42  27  69  28  83  39  94  80  79  91  52  81  43  20  82  94  21  50  98  92  53  82  9  96  44  25  11  28  71  67  93  87  45  51  10  51  81  40  97  69  76  25  39  20  78  1  10  51  
66  0  83  51  64  1  50  94  62  74  97  31  54  57  95  95  31  90  51  6  91  71  14  36  72  51  94  5  70  19  8  9  80  55  49  9  89  58  78  54  63  31  61  63  67  13  5  73  0  86  82  85  65  8  35  82  50  14  24  69  58  17  23  92  76  42  55  70  21  36  99  3  59  19  19  24  90  45  63  76  96  74  19  79  56  48  84  22  54  54  51  20  83  60  11  70  14  16  
88  33  23  100  65  96  57  100  85  86  97  38  41  3  85  23  92  81  27  79  43  25  56  68  14  45  37  50  93  76  69  11  38  73  45  74  53  8  45  70  26  21  12  50  76  23  16  60  11  53  6  24  64  12  98  29  24  6  81  77  95  77  27  22  17  14  4  68  12  49  20  63  86  43  63  24  50  91  96  28  38  52  63  26  29  44  57  26  48  16  20  16  63  83  95  100  58  94  
14  61  76  86  76  26  76  60  79  74  61  89  90  62  94  76  56  51  13  28  11  85  21  95  12  53  66  85  43  26  54  79  28  99  47  53  54  70  95  80  67  1  41  5  58  64  17  100  68  2  50  28  39  38  43  80  89  69  99  31  40  38  77  92  65  9  83  13  82  28  16  48  29  14  75  4  36  97  21  3  38  11  94  13  91  95  46  99  54  11  48  15  67  77  92  99  72  15  
47  82  16  27  19  54  18  51  12  95  16  57  10  8  81  37  83  90  45  9  76  5  97  41  81  75  44  63  27  19  59  88  2  5  94  52  29  1  28  62  20  46  74  69  65  27  40  85  6  72  5  96  52  78  70  29  70  25  81  96  40  67  21  31  18  30  15  41  99  46  91  7  12  6  87  15  33  52  83  47  54  1  36  63  49  35  51  49  83  80  57  44  10  96  33  75  68  63  
69  77  25  44  69  10  40  93  29  17  24  66  89  81  67  21  90  37  50  22  56  63  37  72  71  26  90  42  87  89  57  92  27  13  65  94  50  42  41  96  72  81  81  79  50  70  25  24  89  26  33  52  27  43  71  32  97  51  26  87  55  14  69  11  82  13  82  89  68  22  29  84  21  90  52  70  48  70  40  64  73  43  97  82  21  90  38  40  30  68  84  52  2  28  44  32  7  85  
78  94  82  97  83  85  2  27  35  28  19  7  82  85  38  15  97  64  28  65  53  12  10  82  80  37  27  17  85  72  81  75  45  91  33  99  69  13  30  76  37  45  3  92  47  30  74  27  39  88  16  51  28  90  56  25  30  81  48  15  40  91  25  68  96  0  64  65  20  90  49  11  17  94  94  85  96  63  62  23  47  12  31  72  66  31  12  91  45  52  64  48  52  74  64  21  70  57  
10  86  72  24  38  40  72  100  82  1  24  93  55  21  88  88  44  71  79  47  99  67  26  1  24  67  17  44  10  39  82  49  54  21  26  83  19  64  19  55  72  20  88  86  4  5  83  0  88  80  9  55  76  8  10  75  85  90  66  57  71  50  38  60  48  70  66  63  70  37  66  93  47  23  84  70  68  29  6  65  97  78  89  5  28  47  73  94  23  53  17  43  33  5  89  42  55  13  
78  50  15  97  84  0  63  46  68  83  31  77  62  4  6  29  49  45  0  44  5  80  100  78  8  40  35  12  81  10  39  92  57  46  93  8  14  13  10  62  82  24  72  22  20  15  46  10  68  3  29  55  80  58  99  96  87  40  71  21  78  56  38  15  92  99  29  70  76  92  44  16  95  7  78  81  88  30  60  94  37  80  30  68  95  81  13  37  63  37  36  25  7  49  94  45  3  60  
46  76  32  32  72  41  71  78  75  83  32  89  9  56  57  48  95  39  13  66  85  67  21  7  41  59  74  20  16  85  8  24  66  16  66  79  51  13  70  52  62  40  47  94  87  53  4  40  85  6  75  30  83  66  40  94  32  17  7  82  14  27  89  1  38  25  22  10  22  90  87  0  43  14  39  55  56  84  58  17  1  99  17  0  63  26  59  96  39  98  40  14  50  43  22  65  55  80  
15  34  6  45  86  49  46  19  67  30  65  71  45  31  27  76  87  84  78  57  43  19  2  73  6  9  30  44  64  53  56  48  94  73  84  32  20  41  85  12  63  48  81  21  44  20  60  98  55  49  84  35  34  33  5  66  0  74  59  77  74  43  13  16  73  11  13  75  16  68  39  82  6  6  100  94  72  22  32  75  16  95  67  56  75  19  6  88  39  9  8  69  71  14  66  1  63  21  
96  98  2  44  95  87  97  71  74  63  34  51  61  40  43  54  7  22  1  95  23  18  93  70  40  27  78  29  91  79  97  60  29  68  55  54  60  31  1  77  12  76  11  90  44  56  86  63  94  47  12  3  78  6  74  23  49  19  50  81  7  82  63  88  82  47  34  26  4  12  52  71  37  85  97  77  12  76  57  61  64  73  42  2  53  23  52  88  20  12  90  19  79  69  34  58  82  63  
7  86  39  64  97  75  50  25  16  71  29  44  83  61  57  95  75  54  70  63  68  80  64  40  55  89  64  47  75  46  73  71  20  32  90  3  25  2  73  56  76  80  93  11  70  14  11  72  49  72  26  49  9  81  17  3  76  32  40  14  68  33  22  28  6  66  6  87  65  22  78  67  39  43  62  14  5  6  64  16  42  37  51  2  45  2  76  54  61  2  92  28  57  25  9  87  99  27  
91  73  66  67  69  75  7  93  37  49  67  96  27  80  39  57  1  88  21  16  30  1  26  17  48  79  70  1  14  59  47  8  0  2  71  33  85  8  68  98  12  65  25  92  38  37  76  27  2  59  44  17  70  89  21  87  66  38  71  59  26  8  91  96  7  19  81  12  91  83  10  85  20  57  13  22  54  80  12  31  43  80  30  50  4  98  62  31  96  65  34  25  64  0  80  2  25  1  
69  25  48  90  2  42  45  49  63  16  69  68  68  45  94  57  74  30  6  49  70  58  75  98  6  25  19  63  35  63  36  83  23  31  76  26  20  55  76  81  84  72  72  81  91  64  27  61  62  6  32  7  86  10  86  6  38  21  87  46  46  27  21  22  47  91  19  81  39  29  65  7  30  75  87  25  25  48  55  57  51  98  21  16  21  20  91  38  9  17  67  59  87  70  15  1  79  50  
36  39  26  72  92  24  24  24  69  30  18  77  33  71  58  72  19  15  69  50  24  34  60  100  0  51  95  13  59  73  50  26  21  55  70  83  37  77  62  27  64  23  52  49  89  23  73  61  61  48  17  41  64  6  20  93  97  87  3  97  29  60  27  22  0  91  61  35  32  67  0  19  24  70  98  89  50  13  98  83  38  4  12  24  50  21  96  4  57  23  54  21  88  18  31  39  66  1  
64  89  49  55  2  51  45  34  5  19  45  15  34  11  16  85  28  88  15  88  25  13  65  3  48  82  83  41  96  22  77  78  51  7  36  72  4  40  46  56  13  91  42  39  8  31  43  21  86  95  19  60  47  63  13  11  12  93  93  64  27  16  5  44  50  90  25  46  38  5  19  29  57  55  98  54  3  30  88  6  69  4  92  13  81  34  66  49  54  60  34  81  89  63  58  81  21  19  
43  13  17  95  37  12  6  100  18  90  94  3  94  27  47  42  88  95  38  79  92  90  57  39  79  6  90  88  1  45  63  42  23  18  0  16  20  10  63  12  65  56  12  61  24  40  64  43  5  12  64  75  58  40  11  2  73  95  49  26  27  81  22  87  19  61  40  84  20  66  19  35  18  2  29  33  33  65  1  32  91  56  88  5  1  14  65  72  20  74  44  50  50  10  40  29  22  89  
67  91  10  29  41  73  16  76  54  51  95  58  16  44  3  39  91  83  40  9  99  37  35  30  64  79  83  11  92  36  13  2  36  78  72  68  62  49  47  11  46  55  82  2  73  82  0  25  11  76  100  22  39  21  54  90  23  92  18  57  73  44  32  24  94  76  83  26  24  24  54  96  86  51  88  76  5  94  57  96  66  55  32  80  6  87  26  27  0  89  46  58  2  10  97  62  18  26  
77  54  72  14  66  86  31  43  66  20  19  87  62  70  52  58  30  18  13  7  73  21  57  72  47  3  43  29  42  73  65  23  63  90  11  26  68  61  36  75  19  14  63  45  58  12  65  24  35  63  59  55  38  65  43  25  9  86  59  60  13  99  9  2  35  80  12  39  36  90  48  4  50  72  95  36  63  78  75  17  94  30  29  35  60  97  70  90  26  88  76  47  22  99  31  50  82  16  
1  44  23  42  92  68  16  9  13  42  52  28  37  100  76  63  57  66  42  70  4  2  75  60  18  71  67  98  39  32  3  65  75  45  30  37  99  43  25  34  51  38  28  65  39  59  12  50  52  70  54  55  14  31  18  73  61  86  78  16  1  54  47  0  0  42  13  46  76  92  68  43  67  81  89  32  60  62  69  57  8  31  29  59  19  78  10  11  40  31  61  14  49  0  45  48  38  58  
13  5  37  11  17  73  62  2  44  18  87  51  96  67  18  60  50  45  78  100  2  78  68  25  6  39  82  96  36  12  86  54  29  33  55  66  47  12  33  83  25  31  67  6  8  77  63  29  28  93  44  19  21  93  93  62  0  15  8  54  39  49  68  54  43  35  45  41  76  97  39  92  18  5  43  22  93  57  28  26  66  98  94  44  70  63  57  63  90  49  22  31  9  89  61  64  73  39  
54  0  60  87  1  97  49  95  14  11  80  73  50  66  53  31  79  33  51  86  38  62  56  88  64  69  99  41  1  46  25  54  79  52  84  74  92  81  31  99  4  36  73  62  57  40  52  74  37  47  32  96  86  81  21  87  14  99  20  43  6  69  42  93  75  5  64  81  46  12  71  100  95  20  1  46  69  78  85  76  6  0  1  61  22  29  72  76  40  8  96  68  1  33  36  84  92  3  
27  94  82  35  46  35  81  52  87  55  67  45  40  39  15  92  28  41  11  32  44  15  41  55  98  5  57  63  45  48  41  28  35  90  39  82  100  28  45  95  62  99  32  83  16  10  44  52  22  18  95  7  95  46  66  85  75  31  90  84  68  64  38  86  35  86  75  24  27  33  21  11  14  22  46  53  12  67  88  11  23  51  67  60  14  12  55  14  20  36  25  39  69  27  42  84  60  61  
30  44  22  66  17  70  10  10  77  97  54  75  61  42  92  8  27  52  2  29  51  24  53  30  89  55  34  75  78  67  78  81  56  51  55  66  56  87  16  6  25  4  65  45  36  90  89  14  35  22  8  48  14  69  94  52  30  9  48  50  6  27  85  91  28  75  92  80  6  68  42  58  17  18  70  50  5  54  20  21  53  30  4  50  21  12  35  97  29  33  80  55  93  7  12  41  87  43  
24  31  63  48  41  3  13  15  38  76  86  100  65  37  57  27  77  59  57  52  39  80  16  61  8  92  73  91  39  55  17  74  62  42  59  32  3  35  50  48  0  6  90  35  74  78  91  74  76  64  14  68  31  14  24  33  76  9  49  14  37  45  31  16  34  41  41  61  13  13  61  45  66  52  40  33  87  67  13  10  16  32  14  49  36  8  22  23  94  32  89  4  90  30  71  44  93  62  
43  39  5  86  65  31  2  41  79  4  55  63  15  47  5  15  57  37  93  54  40  99  39  79  3  47  13  31  3  8  27  45  90  4  46  33  2  88  7  81  56  83  58  56  85  34  33  99  85  7  75  29  2  22  19  26  89  63  46  8  64  48  91  16  96  65  93  93  39  61  42  5  63  95  35  48  39  5  78  10  69  75  31  62  11  57  21  68  94  25  1  1  76  62  79  70  47  19  
5  70  90  55  77  96  29  42  47  34  1  31  4  68  22  64  27  23  77  93  63  25  94  10  24  68  52  8  23  46  59  65  23  8  26  76  5  47  61  99  53  59  74  20  34  47  23  36  5  98  42  41  94  90  49  8  80  80  81  90  78  8  87  63  52  88  78  9  27  11  72  61  74  1  48  69  66  69  46  99  19  17  97  78  89  69  94  51  97  72  47  62  32  3  9  4  60  21  
88  53  25  61  17  56  18  15  81  39  73  59  11  11  30  93  51  26  93  44  79  26  20  93  14  96  74  65  2  21  98  80  39  85  43  33  63  55  66  69  57  16  62  9  52  56  4  7  84  19  59  67  91  39  23  19  19  55  74  45  75  54  38  36  42  50  2  7  100  87  99  71  21  67  51  59  63  65  79  76  56  18  93  1  15  80  2  91  41  13  35  48  44  45  17  92  35  57  
37  91  6  36  28  52  40  38  91  8  88  64  20  5  33  100  68  31  19  39  23  73  32  42  90  82  46  75  52  30  79  75  22  100  42  13  7  91  76  49  11  31  91  96  15  78  76  34  67  48  39  3  9  84  2  27  8  99  100  14  85  36  81  25  71  41  72  29  60  58  45  5  24  88  81  0  18  30  2  83  79  44  79  94  69  28  11  52  52  9  90  76  39  34  82  22  63  18  
100  42  69  4  71  46  0  39  83  9  44  87  35  22  55  71  55  13  15  34  24  90  30  26  29  4  5  23  19  27  41  3  23  48  15  77  97  21  73  97  15  72  65  93  25  9  34  60  90  53  29  50  1  3  66  41  76  79  36  28  68  61  23  99  27  82  5  41  22  0  24  88  0  6  23  86  78  84  20  96  2  97  57  46  19  38  56  30  14  68  4  82  72  86  76  55  35  35  
6  48  25  2  11  85  36  78  25  90  62  78  92  61  24  93  89  45  66  39  50  25  99  93  45  31  99  48  93  29  99  30  60  40  92  2  11  70  74  65  3  73  59  45  88  68  47  46  89  66  13  35  6  27  5  5  61  37  83  68  62  34  49  59  60  22  37  91  34  49  73  37  59  99  8  5  6  1  82  92  97  8  42  58  33  6  8  92  21  52  9  22  52  87  92  23  49  85  
89  84  21  12  3  27  40  3  85  70  47  44  73  66  48  65  72  53  59  27  18  17  78  80  32  37  19  34  11  9  14  56  98  67  44  48  55  45  95  22  92  42  33  89  6  79  12  20  38  52  84  100  56  78  32  19  26  6  62  44  44  22  79  66  60  66  34  39  95  29  61  58  26  5  85  72  62  75  64  55  5  28  66  59  32  93  45  57  57  76  33  85  49  76  50  35  22  69  
34  98  13  69  33  98  65  50  15  24  71  93  3  16  94  64  24  36  80  81  47  17  88  72  12  41  43  67  69  82  3  100  86  10  23  62  52  14  41  83  41  97  52  94  100  53  89  34  63  74  99  53  19  23  26  13  40  84  40  25  19  69  58  88  85  99  22  76  92  68  65  7  62  43  64  53  51  0  63  94  80  33  44  38  41  51  82  50  66  33  62  14  81  93  14  4  71  33  
90  31  41  85  83  81  86  67  57  30  75  45  27  85  97  42  68  75  10  12  43  49  9  87  56  10  39  95  0  47  57  97  24  99  17  24  90  54  92  49  70  3  59  13  99  58  85  35  70  88  44  73  41  48  36  98  52  12  68  66  47  91  78  37  88  61  79  94  62  7  70  73  51  100  6  41  31  54  34  83  83  75  24  50  36  99  39  84  81  11  78  14  34  58  59  88  80  23  
15  23  22  68  27  92  80  37  6  69  93  14  96  9  95  2  84  73  33  65  94  93  41  66  36  66  83  50  13  11  35  18  3  10  15  12  7  8  82  37  25  10  6  42  63  87  58  38  75  44  48  40  57  83  27  84  71  97  25  36  89  91  59  15  54  30  91  9  33  13  53  68  8  26  21  30  86  2  61  35  77  55  45  53  0  79  26  1  93  66  51  43  49  59  10  11  22  50  
35  27  18  71  29  4  50  11  91  38  42  43  51  64  25  49  62  45  30  4  62  95  71  48  78  77  14  87  37  92  41  29  61  73  39  58  91  80  29  26  50  13  97  56  14  50  53  92  69  3  74  29  99  87  61  40  63  94  67  55  54  24  94  69  46  20  45  28  9  77  99  24  96  96  96  45  68  76  83  36  85  71  45  44  45  69  68  31  86  24  29  98  28  51  40  72  67  50  
52  71  82  40  37  13  28  40  46  39  25  59  33  68  18  50  91  64  21  65  18  52  40  64  98  16  1  98  93  54  40  11  16  61  29  42  50  61  92  88  24  68  13  79  45  1  89  17  44  27  87  31  45  53  56  31  34  43  82  21  25  60  82  45  67  45  36  96  87  88  22  17  47  60  33  41  99  88  54  36  26  73  92  31  79  16  52  63  51  12  30  70  28  79  48  11  19  17  
38  94  48  42  47  74  45  33  37  13  24  93  61  98  98  61  9  56  17  27  74  79  40  68  33  77  24  34  86  84  43  49  72  8  2  91  37  40  77  27  93  41  90  82  24  87  75  4  17  9  56  13  67  45  6  28  71  68  94  61  85  11  23  9  25  37  98  85  73  27  32  64  97  54  76  38  6  58  97  54  32  13  44  29  82  26  15  5  24  13  87  63  68  28  56  8  81  81  
91  32  65  90  55  9  48  56  25  77  19  70  4  60  21  73  3  45  4  64  34  95  91  67  60  90  56  28  99  48  38  67  47  67  77  57  97  21  88  9  67  13  97  89  82  8  40  91  19  86  71  68  58  92  29  58  81  26  68  16  68  58  42  92  10  94  28  93  12  33  6  86  35  79  95  99  77  18  100  6  48  58  83  53  25  53  1  78  51  65  91  77  39  21  67  15  90  44  
9  59  95  61  32  17  0  73  23  24  38  21  14  6  55  100  40  34  13  89  25  31  36  75  12  34  79  17  96  21  27  82  54  79  15  18  48  91  17  96  16  51  62  70  94  91  72  84  41  65  43  91  21  37  14  16  100  58  16  29  57  50  52  74  26  82  84  7  100  43  34  62  22  75  51  36  41  12  31  32  41  51  21  15  5  30  26  43  18  27  71  97  83  24  31  72  38  81  
92  46  40  2  89  41  38  18  78  8  13  44  21  96  23  13  36  32  62  99  38  42  39  45  4  64  56  73  51  31  12  70  67  79  52  77  70  99  27  40  44  89  82  47  63  46  87  94  97  7  54  90  68  41  18  1  4  1  9  98  38  8  53  69  4  56  14  49  4  32  76  3  33  86  93  3  4  85  82  31  68  93  75  8  25  85  50  47  12  100  2  33  5  10  91  62  33  76  
37  89  75  91  19  14  96  17  100  1  2  22  99  25  37  54  42  73  3  15  30  65  61  5  60  87  97  80  25  64  99  34  69  77  95  2  51  12  100  28  78  94  57  77  64  100  50  47  0  86  40  79  78  0  61  90  16  70  83  24  81  17  48  0  30  77  96  26  23  26  73  59  38  74  18  74  32  37  58  39  84  38  39  95  93  86  97  58  85  67  89  36  96  80  44  68  1  70  
33  60  76  39  21  3  80  9  18  54  3  56  23  33  58  79  70  52  16  12  27  7  41  11  75  93  43  89  0  82  93  25  88  38  46  68  34  58  99  6  79  45  60  16  98  43  44  35  83  90  5  8  8  42  33  31  78  47  97  40  72  70  94  99  37  89  91  21  64  74  78  7  99  2  35  8  43  98  3  49  25  52  2  89  100  4  63  48  55  46  7  20  99  99  23  16  42  95  
1  55  50  95  40  31  14  86  91  45  70  0  92  70  94  38  39  72  100  77  76  74  62  6  0  82  33  41  73  75  21  29  88  83  11  32  78  95  81  71  68  47  73  68  85  19  89  24  14  50  62  53  56  45  54  19  58  7  44  30  43  54  51  68  45  78  80  48  57  89  54  86  45  81  8  56  65  7  54  15  49  46  63  27  80  21  87  15  17  33  6  1  46  47  76  7  92  11  
27  95  66  77  19  41  85  75  55  72  0  30  83  74  83  88  44  62  71  92  50  55  32  56  71  95  36  75  70  50  38  36  83  95  27  83  20  72  53  32  11  36  23  86  60  10  94  25  78  93  46  75  29  76  77  31  67  78  11  84  10  33  9  29  16  84  26  85  18  90  22  37  72  83  48  79  21  46  4  33  88  84  19  5  22  95  63  92  8  5  96  10  31  80  59  95  77  98  
16  38  67  90  45  72  87  36  96  36  32  22  53  58  82  22  38  88  43  53  92  3  57  46  59  51  4  80  83  24  2  98  99  1  45  83  79  38  24  23  44  30  68  67  69  8  68  41  58  30  55  30  94  19  67  64  56  13  8  43  29  78  27  87  36  93  21  62  93  68  79  37  89  92  49  58  19  11  73  97  3  99  30  96  45  8  10  20  84  51  24  91  3  84  16  22  53  64  
89  76  3  83  57  63  60  15  19  74  16  3  25  25  7  74  36  40  66  39  69  76  51  51  88  25  51  44  97  85  24  99  21  50  100  61  86  36  25  7  75  72  60  35  78  31  9  69  33  84  74  40  33  46  62  21  78  44  47  6  85  49  11  53  46  58  64  66  75  14  15  69  65  55  92  97  15  80  50  18  72  84  47  12  58  71  76  73  22  85  77  9  19  53  35  61  42  12  
88  5  64  50  51  69  80  77  68  22  83  40  37  14  8  82  22  96  44  49  100  35  23  26  63  69  46  40  35  78  1  31  63  52  100  41  57  25  85  98  79  98  84  57  31  93  5  41  5  55  84  82  55  71  13  60  37  93  82  88  7  7  21  30  83  1  89  92  42  100  56  53  24  78  39  74  84  33  13  18  93  57  5  52  21  8  92  3  41  88  57  16  90  39  26  91  50  28  
76  97  72  11  51  18  60  44  88  78  84  70  90  9  46  40  100  13  54  9  61  95  42  46  54  82  36  71  37  70  63  33  86  66  32  46  5  10  33  100  14  55  18  79  88  94  31  65  50  84  37  26  50  16  11  34  35  34  48  72  46  33  17  50  34  87  32  61  57  42  13  40  18  93  46  21  45  57  74  36  97  42  88  65  72  14  67  34  18  32  96  50  59  40  5  50  82  69  
86  88  80  87  58  38  8  53  69  69  63  59  83  85  41  51  66  41  10  4  44  65  46  46  68  57  94  16  51  71  32  80  44  0  79  98  74  57  13  64  7  65  44  10  89  49  25  55  67  76  63  86  90  54  34  35  64  88  75  53  95  62  47  2  15  18  43  13  20  8  71  15  32  3  68  44  68  61  23  22  71  96  38  2  5  30  72  11  56  84  41  57  6  10  45  27  76  51  
2  7  33  17  16  70  39  77  95  5  86  83  47  98  2  85  8  96  16  83  84  2  6  91  19  18  13  9  25  76  46  4  73  37  13  32  62  11  46  60  43  48  68  65  80  58  53  55  17  26  2  45  68  67  34  25  62  73  10  93  71  18  12  14  62  49  12  21  62  16  100  66  38  100  25  85  57  21  28  91  99  13  85  56  41  65  88  59  66  2  15  44  40  66  11  90  0  35  
90  74  97  57  79  36  81  96  72  6  47  89  83  3  0  49  56  3  34  39  82  8  83  82  5  81  70  56  21  51  13  38  58  1  100  74  5  21  27  29  64  90  9  97  48  54  28  62  34  93  2  65  21  34  69  40  11  0  65  90  84  85  69  21  12  33  25  16  96  2  21  74  64  27  22  62  92  37  66  66  16  78  94  56  68  83  88  45  96  27  57  62  7  33  74  0  82  65  
91  93  29  45  72  83  79  64  30  88  98  38  26  39  49  10  84  17  9  40  73  56  14  62  25  100  49  83  4  57  4  89  11  15  42  99  26  17  66  31  37  49  85  86  99  92  20  92  55  20  83  43  18  82  94  8  68  33  14  82  58  32  94  4  3  93  39  61  96  69  59  11  32  42  56  50  96  20  63  56  18  3  34  87  36  70  37  42  63  9  78  19  76  1  47  78  85  62  
51  100  89  99  85  20  53  87  77  44  96  73  64  17  68  18  92  44  40  51  76  74  22  95  69  77  99  70  36  70  0  14  72  46  88  84  52  64  72  39  47  9  42  41  7  77  29  80  85  32  23  7  53  49  96  76  3  37  36  71  45  99  65  1  12  94  61  98  62  39  28  87  46  26  52  90  66  36  43  29  42  52  26  49  84  39  92  74  90  80  13  99  29  62  33  68  19  74  
22  62  55  67  53  98  63  70  33  47  17  42  91  100  71  89  86  19  33  37  86  44  69  86  46  57  65  67  73  24  7  24  52  44  82  54  25  75  96  64  33  70  18  49  10  10  86  70  0  1  37  93  52  28  78  63  68  21  8  62  87  38  12  20  48  92  47  46  95  3  12  79  38  76  96  6  63  88  13  29  36  49  32  8  70  55  45  53  2  12  20  87  47  39  13  84  36  39  
52  82  4  13  80  80  6  79  20  12  38  6  82  76  68  26  21  78  36  9  86  14  46  58  17  78  18  51  27  0  28  71  56  66  3  8  19  78  85  3  13  23  27  52  40  19  83  81  6  60  83  63  74  95  96  88  57  45  93  26  15  67  5  73  41  16  29  43  90  10  21  1  85  81  8  71  6  69  25  3  0  10  30  27  5  99  43  100  4  83  53  8  95  26  20  41  43  88  
69  20  12  65  66  86  20  93  84  79  56  6  32  64  28  67  44  95  66  81  0  32  19  75  9  83  34  89  88  79  89  87  29  77  80  8  77  97  0  63  94  96  28  26  28  76  11  20  27  18  96  97  20  58  46  53  13  4  31  18  13  69  58  40  30  37  56  30  3  82  67  74  70  45  42  14  17  44  34  78  78  33  54  80  71  84  28  37  38  42  24  78  81  10  81  30  64  71  
6  85  46  66  36  11  63  84  56  64  1  86  51  64  73  93  94  43  60  92  60  0  90  63  88  75  6  44  36  1  58  33  90  58  10  66  61  57  88  83  45  9  34  70  19  99  2  67  88  56  51  13  41  70  45  91  89  20  55  69  44  91  72  2  49  11  30  30  16  89  86  18  50  37  29  12  40  57  19  32  3  34  7  94  79  44  96  29  0  32  21  75  57  50  33  43  13  34  
73  13  30  43  27  73  88  81  44  70  22  93  68  38  40  4  39  80  67  72  45  49  72  64  37  59  32  32  45  8  30  24  69  91  21  70  15  26  89  77  4  39  59  8  14  45  90  62  26  48  62  74  79  40  14  81  79  99  0  39  66  92  30  65  60  11  27  66  31  94  15  54  17  87  61  6  93  26  87  78  13  62  89  15  70  5  80  1  30  9  98  48  67  67  2  52  95  54  
50  33  13  76  86  54  27  57  31  21  19  69  86  81  56  75  17  9  61  53  11  39  30  33  52  97  54  100  97  99  43  14  62  66  62  97  1  99  26  36  62  45  13  17  88  57  41  98  86  7  95  8  90  62  42  26  79  82  55  54  48  71  100  44  41  49  88  72  2  62  17  45  24  74  4  79  73  75  78  91  90  71  97  55  81  41  100  89  11  65  13  83  92  27  10  24  78  59  
5  41  100  70  55  16  32  54  100  68  49  10  40  80  62  59  1  2  24  23  66  67  81  32  30  38  36  16  76  77  81  48  24  91  84  62  76  60  90  60  98  100  2  47  31  86  97  67  11  26  68  3  80  27  1  96  7  88  6  27  36  5  86  65  98  5  33  4  29  27  30  74  53  8  51  100  24  93  67  69  92  21  78  69  91  82  67  36  79  53  91  71  55  95  7  54  49  60  
3  49  68  8  30  98  47  51  62  20  43  29  32  76  88  81  72  33  61  49  30  25  45  99  12  74  30  48  8  68  2  83  66  44  66  29  92  79  0  97  86  11  53  21  54  69  98  90  24  86  47  79  80  9  58  13  79  98  24  37  98  71  52  79  11  32  70  92  21  81  78  14  96  67  18  53  49  94  97  11  6  1  92  65  89  99  77  15  42  9  12  28  46  93  96  94  27  88  
35  46  50  2  39  29  66  46  40  96  60  8  26  5  37  93  55  99  26  50  87  63  25  76  40  100  24  100  38  74  88  52  89  99  39  56  31  35  19  5  25  33  5  62  84  51  1  28  57  99  5  46  99  38  65  34  98  56  62  34  87  37  51  41  69  21  14  80  36  69  65  43  39  28  39  11  81  99  97  24  0  70  42  52  89  57  35  64  51  72  16  51  95  52  79  8  10  54  
74  23  54  82  87  5  83  98  93  91  64  25  8  2  23  16  96  20  74  24  64  89  51  93  53  55  77  4  74  60  51  99  69  63  95  44  23  23  35  85  44  36  94  84  41  16  18  28  43  36  39  66  53  71  88  5  95  62  48  40  14  45  50  53  37  50  32  12  40  92  54  69  70  67  42  46  48  19  88  47  67  14  96  89  85  3  80  4  2  80  37  38  75  94  10  98  50  41  
43  38  53  64  24  93  45  71  32  11  49  89  29  0  38  13  75  79  70  46  25  100  81  0  61  89  30  66  26  99  91  12  34  5  14  33  7  51  79  73  4  36  39  32  63  23  82  67  30  91  41  66  59  12  35  85  97  38  83  14  21  65  11  8  93  31  96  39  18  9  69  2  68  52  100  49  32  78  94  50  12  19  16  0  8  36  98  42  68  41  54  79  29  61  63  85  54  31  
17  8  5  52  7  60  9  71  89  38  78  57  65  45  10  14  11  80  32  38  87  15  73  73  59  62  85  97  21  73  64  4  46  29  58  19  61  70  9  93  68  57  75  70  67  74  3  72  8  38  29  64  4  80  97  44  28  24  56  76  52  50  0  69  21  83  83  50  26  62  50  2  68  14  55  55  56  38  53  86  55  68  8  44  12  9  8  90  18  25  8  23  44  7  86  73  73  99  
54  89  40  39  39  1  90  17  78  9  2  69  58  78  78  95  10  4  84  74  19  12  19  53  74  4  21  53  96  67  10  55  34  69  32  38  75  6  14  60  81  87  98  29  34  63  60  75  36  30  10  12  39  0  56  33  87  22  80  5  39  91  42  63  73  70  89  0  65  57  12  42  95  34  77  100  87  87  45  11  6  10  12  76  28  67  91  31  55  65  83  58  66  20  10  72  47  47  
90  79  1  76  74  86  54  12  41  34  91  6  9  8  80  47  76  35  5  43  77  66  41  9  73  84  17  5  6  73  80  26  43  86  59  72  56  100  71  24  20  71  1  58  10  21  11  25  10  17  80  54  3  62  42  21  63  30  66  41  87  57  93  96  100  91  34  88  98  91  96  78  29  30  15  7  4  60  85  79  70  72  1  59  47  30  50  9  92  82  91  61  80  18  25  48  27  8  
74  30  5  56  0  86  75  46  74  14  66  51  4  31  83  1  51  37  76  28  50  93  99  15  2  5  56  90  92  73  10  99  55  14  5  84  80  98  1  48  94  10  33  54  33  60  74  60  22  34  81  55  5  46  79  7  5  75  96  21  29  70  17  89  82  12  30  7  79  68  67  88  71  53  91  82  77  63  7  68  100  11  26  65  18  12  42  48  21  58  67  85  20  91  31  34  74  25  
83  94  55  1  35  55  88  32  5  5  59  21  15  79  36  91  14  40  96  13  33  55  62  24  24  34  30  0  1  45  77  26  25  73  15  51  54  10  27  16  75  32  44  46  17  9  96  94  9  89  83  47  68  61  87  40  57  25  57  35  94  82  97  3  3  94  95  69  88  76  52  27  25  56  30  69  97  39  68  91  49  69  50  85  64  32  91  67  26  58  14  90  19  17  77  83  44  6  
76  95  39  60  64  61  29  55  70  7  35  5  70  10  84  33  52  83  78  84  10  75  50  80  33  58  48  95  23  17  78  27  81  89  72  97  22  91  32  89  39  31  92  6  88  76  61  45  59  90  28  29  79  75  89  46  72  80  95  78  63  91  5  41  78  84  93  24  51  33  52  90  41  35  68  1  36  4  7  20  49  97  38  97  81  41  62  21  80  82  11  22  6  73  24  26  34  43  
0  14  83  49  45  49  59  61  75  15  44  38  30  85  86  79  44  41  53  58  7  11  35  80  68  61  74  65  18  1  61  59  7  1  32  57  71  79  79  32  36  17  39  0  77  64  97  18  44  15  86  49  30  41  69  46  47  51  63  85  62  63  59  10  81  2  78  77  51  60  10  94  16  15  97  24  66  84  79  99  59  49  77  41  89  20  17  41  56  21  85  0  71  45  78  7  77  10  
14  95  89  92  0  0  12  89  7  76  9  72  37  21  37  16  50  26  54  50  39  45  93  69  24  6  0  35  52  20  92  0  39  83  60  59  17  39  64  29  56  1  98  90  14  90  93  31  28  49  74  22  44  7  48  27  78  5  60  73  13  86  57  73  59  75  91  27  49  95  46  89  37  1  78  16  75  66  64  46  93  58  7  20  59  34  70  20  11  14  87  11  54  84  83  62  71  4  
0  86  68  96  17  11  35  12  52  67  82  83  4  23  31  53  94  46  47  52  31  36  2  0  16  66  87  28  64  57  40  21  58  53  41  0  56  99  57  90  23  79  68  80  30  45  32  87  50  27  99  59  24  27  12  71  54  87  65  18  0  74  92  2  25  92  95  58  54  64  72  5  14  21  92  79  33  27  57  44  62  62  34  57  82  30  46  87  35  67  46  10  57  36  68  75  84  76  
63  57  33  57  16  90  63  43  88  20  37  3  90  45  59  44  70  19  71  14  54  2  3  39  65  59  89  16  86  25  33  39  11  34  71  40  10  70  9  46  55  7  47  72  79  97  24  44  92  97  72  86  27  85  30  31  80  87  19  82  90  67  47  34  16  78  21  5  16  42  24  52  8  4  41  34  61  56  82  68  18  73  38  44  93  44  0  82  92  75  20  95  27  7  86  84  93  31  
63  23  2  24  14  7  23  37  15  22  37  83  62  21  8  66  62  48  72  64  18  92  20  9  63  7  69  18  28  22  65  91  8  95  36  16  71  87  54  89  27  82  14  94  28  53  38  89  81  82  1  90  9  62  55  66  28  75  43  84  81  79  57  55  10  99  43  18  51  70  54  62  74  6  55  59  69  94  44  94  90  89  24  82  41  78  77  61  21  41  88  23  51  32  4  91  57  10  
46  77  93  4  40  67  65  79  59  86  75  17  49  26  64  65  35  81  25  15  78  49  32  87  86  23  82  26  42  65  84  10  94  98  2  36  41  45  79  37  79  73  1  58  90  36  69  8  3  16  49  42  11  67  2  20  27  89  7  79  10  69  59  19  58  36  92  46  73  31  52  43  3  31  7  92  88  9  97  93  45  29  69  43  49  57  6  84  82  87  12  22  19  33  80  91  88  46  

83  1  25  8  29  10  51  77  98  22  85  85  48  99  10  56  79  30  65  36  12  55  44  45  9  31  82  48  67  47  53  15  33  31  56  0  74  95  74  28  97  65  53  1  18  40  48  8  27  72  69  17  48  94  58  83  25  96  31  90  56  21  48  16  60  49  86  17  47  83  63  37  15  88  36  38  0  66  97  70  77  98  65  84  83  40  43  97  12  33  27  3  94  18  61  86  75  54  
33  75  40  56  78  68  25  58  48  56  20  10  8  68  86  85  14  73  38  23  20  59  74  90  68  34  54  15  3  86  4  57  63  61  52  74  20  33  36  15  15  2  27  17  85  19  98  10  100  9  24  37  32  71  78  18  24  60  73  94  45  46  93  53  57  34  23  44  43  61  68  4  65  82  30  94  74  17  51  66  61  96  93  47  78  70  44  6  79  10  1  20  5  85  72  45  63  45  
32  81  2  85  48  60  20  8  22  87  0  4  91  41  87  14  78  2  34  74  58  37  90  92  13  34  99  70  86  70  44  83  59  3  76  46  4  98  6  35  1  19  1  14  60  6  22  40  38  82  25  20  22  80  28  54  81  97  1  50  27  48  70  51  97  79  25  47  52  99  6  72  7  97  15  63  67  85  85  34  43  42  96  78  85  67  82  73  7  79  97  94  4  95  37  63  81  73  
65  93  41  80  17  72  19  98  46  37  44  56  55  49  89  98  1  94  4  16  30  32  96  1  41  71  83  42  12  33  26  86  44  39  26  43  12  66  16  24  21  29  70  2  35  74  16  79  87  59  26  75  79  76  96  72  60  12  64  82  70  19  83  57  74  11  81  38  58  71  41  84  12  14  92  51  81  1  41  87  79  72  18  52  36  7  48  39  13  11  3  56  8  84  75  80  49  56  
8  65  73  11  26  47  51  45  90  80  11  16  5  21  59  52  67  47  90  65  16  34  37  97  22  84  71  47  44  31  35  61  13  4  0  52  48  99  1  66  14  54  18  86  22  40  38  35  71  54  29  69  29  8  59  90  51  82  75  13  73  39  4  14  71  31  7  66  92  96  47  67  71  93  90  40  71  25  31  36  88  6  65  34  91  74  83  85  70  37  100  37  46  49  81  48  49  99  
44  1  27  19  16  22  88  15  85  11  40  2  15  13  64  7  95  24  87  53  5  67  47  78  68  6  69  93  37  76  57  15  15  42  8  58  77  100  51  25  94  53  40  33  84  86  94  78  46  87  89  20  68  63  9  8  65  50  40  92  50  68  3  36  98  75  23  90  61  39  51  10  38  25  25  83  67  86  2  7  41  18  19  88  69  57  92  95  54  19  13  74  87  67  30  32  21  49  
6  12  7  27  52  53  31  49  77  53  80  76  99  58  66  93  11  53  79  3  49  47  82  85  55  36  60  65  49  40  16  81  92  74  24  87  38  76  42  95  84  63  3  42  64  51  75  55  8  99  70  94  54  88  62  58  62  83  55  40  0  91  33  12  86  47  16  66  69  4  6  49  12  56  79  7  78  38  34  21  87  63  49  38  63  14  61  30  91  74  74  1  35  49  25  5  21  43  
76  52  89  23  79  79  83  52  38  76  36  83  76  61  5  26  92  88  0  34  100  74  53  72  41  63  87  28  5  4  45  93  68  48  69  9  78  54  48  54  90  31  42  54  3  29  72  50  51  55  100  100  34  68  65  32  21  79  88  81  26  16  77  11  26  49  51  6  21  19  87  4  75  71  10  93  80  4  47  60  80  5  26  72  93  51  71  45  20  59  58  17  26  37  28  21  71  16  
14  43  50  56  45  91  1  81  42  65  42  56  59  7  19  26  37  67  20  100  3  20  42  88  56  90  93  68  0  40  69  69  16  25  11  74  12  4  63  28  42  77  4  18  44  3  92  70  96  8  45  57  57  46  1  53  89  56  29  50  84  12  93  31  69  91  45  51  93  61  44  36  33  24  20  85  68  56  73  35  87  12  51  65  30  33  13  65  11  20  60  90  62  37  67  63  52  90  
16  59  83  34  29  46  18  61  45  64  43  25  11  41  23  96  59  90  17  9  15  8  15  49  86  89  55  16  13  40  88  28  90  18  64  91  10  6  41  66  13  55  84  68  73  20  71  93  89  78  97  77  20  83  3  86  93  8  85  56  45  16  41  91  20  53  79  64  80  10  45  45  76  2  53  91  68  12  84  38  69  24  22  79  84  30  57  58  64  87  99  41  52  88  55  37  17  33  
30  8  6  50  42  75  87  64  34  92  69  82  52  95  40  73  52  4  99  93  31  74  63  91  79  58  61  23  77  48  42  91  3  33  4  56  84  34  75  79  1  81  97  31  21  11  29  49  13  77  81  28  28  21  47  53  42  0  46  39  78  57  54  25  71  90  26  55  11  29  59  76  84  18  94  2  44  29  86  1  47  80  73  83  64  21  43  65  100  34  39  61  87  97  62  69  34  41  
97  38  56  39  22  78  100  97  78  39  13  73  98  14  38  26  75  0  41  12  74  20  51  52  11  6  64  63  32  48  43  2  31  90  94  82  96  98  39  82  22  8  27  32  47  77  3  37  41  28  19  0  26  21  41  26  17  66  7  75  92  90  99  0  46  93  2  81  93  5  21  12  84  71  96  67  93  33  4  47  55  92  14  37  44  28  14  4  31  68  99  59  17  2  83  58  92  91  
71  95  31  86  44  1  22  35  13  74  85  77  16  61  11  71  69  55  99  5  7  65  55  16  75  17  52  97  27  25  6  56  93  41  87  40  69  76  11  72  19  12  53  88  7  88  16  62  93  97  19  30  24  84  43  34  93  36  88  25  64  92  2  95  53  48  54  61  85  53  53  63  96  53  11  61  100  100  76  69  9  65  1  72  44  21  35  40  52  86  91  41  5  67  64  19  28  73  
17  25  14  33  31  42  80  62  76  69  27  48  63  92  92  5  78  73  24  77  57  88  16  26  21  72  40  31  79  39  22  44  95  84  85  85  74  60  13  72  72  20  3  29  2  39  75  0  4  30  33  56  66  41  19  95  90  37  2  27  61  18  22  46  9  98  1  20  100  55  12  36  81  49  0  3  66  75  63  49  91  76  95  51  65  92  55  26  5  36  39  86  55  2  88  65  83  95  
34  29  29  95  99  41  97  44  31  76  8  13  16  51  60  14  61  46  85  100  92  98  67  34  38  40  34  81  7  50  55  44  51  29  84  30  89  66  68  44  93  93  0  44  96  67  71  24  27  66  91  43  17  6  50  62  83  100  67  81  79  79  74  72  59  43  91  24  30  14  86  57  53  40  50  18  19  58  29  84  39  98  54  29  81  27  19  27  97  54  65  43  85  18  51  27  20  12  
69  20  7  59  32  99  79  55  32  58  92  81  65  18  29  100  76  47  10  2  31  10  68  93  49  98  50  26  9  64  43  75  45  74  59  85  56  2  41  57  71  19  79  53  45  20  83  6  5  25  70  10  75  65  80  28  7  24  98  50  23  6  36  33  99  53  49  36  97  77  84  8  11  63  80  86  1  65  16  12  48  67  15  15  41  25  87  9  10  56  93  79  86  36  86  18  67  97  
32  17  91  3  52  51  31  76  13  89  0  84  75  11  53  66  98  62  87  80  95  66  33  61  9  25  36  35  91  7  12  93  27  90  30  54  72  98  11  98  44  21  1  4  29  14  46  91  93  81  19  87  55  23  99  4  5  6  22  26  44  4  27  60  16  37  83  65  64  13  89  60  65  20  28  19  85  63  76  97  66  6  21  35  66  24  53  55  90  65  39  52  37  57  9  37  5  91  
0  27  59  10  82  50  43  19  1  76  14  23  35  19  38  72  66  56  75  81  88  55  95  100  64  43  50  92  14  36  80  8  15  100  75  52  4  15  92  70  24  8  57  53  2  66  32  73  22  63  91  61  8  18  62  60  8  84  43  19  44  27  58  61  32  34  3  15  50  77  90  8  72  67  37  92  73  0  27  56  50  50  55  26  66  83  69  35  58  4  59  10  81  80  88  64  57  13  
75  24  86  82  37  95  80  18  89  43  26  5  84  95  17  87  70  31  56  76  36  46  45  90  63  45  87  1  58  43  44  90  3  82  25  79  92  72  18  15  12  68  29  49  82  97  87  83  11  40  18  64  4  5  91  61  61  2  2  56  24  91  9  91  68  37  74  70  47  80  7  71  51  13  0  88  81  44  38  2  50  18  8  37  91  80  96  90  27  64  37  56  66  45  45  36  12  88  
38  55  67  61  96  94  35  77  45  31  39  65  0  82  97  49  97  72  49  38  94  44  28  63  10  27  79  21  1  39  85  85  98  85  60  91  24  62  36  83  59  49  63  37  92  32  30  26  58  92  69  38  18  30  39  63  54  14  100  64  30  19  5  34  35  54  76  58  5  47  71  0  57  60  58  92  12  7  76  48  60  61  55  28  5  95  31  42  28  35  70  39  81  69  31  17  73  100  
81  55  45  48  11  48  96  25  58  39  5  56  2  69  18  7  49  97  39  45  58  90  27  11  68  64  34  92  28  28  56  44  62  0  29  41  78  37  86  66  21  9  61  10  42  42  5  15  54  30  12  46  39  80  51  25  42  30  14  99  74  50  25  8  60  26  67  68  25  50  29  79  12  37  97  33  44  25  23  23  52  23  93  86  88  81  86  86  16  50  42  51  56  81  9  12  61  52  
32  81  47  43  49  53  55  18  93  64  80  92  63  4  23  50  62  81  22  95  31  47  97  92  92  57  52  7  76  27  7  11  67  64  27  12  18  41  0  36  4  81  64  54  39  85  28  47  93  93  64  95  49  90  10  17  66  48  20  88  67  94  36  73  79  84  18  15  82  82  62  76  83  84  72  50  42  38  20  11  5  85  64  73  15  1  84  85  93  9  89  45  54  83  27  32  93  87  
52  46  29  80  51  91  29  78  91  96  83  10  27  58  58  64  84  88  97  64  39  66  27  45  93  88  10  40  90  52  14  21  90  74  87  36  48  97  99  99  14  81  95  85  88  91  96  2  68  14  15  35  100  62  76  91  23  91  45  81  47  68  16  87  48  52  78  60  0  92  70  13  33  88  25  80  75  9  78  37  47  84  93  70  33  34  68  81  65  2  95  53  73  64  39  17  86  67  
88  18  85  17  9  75  87  17  97  55  55  34  69  79  57  40  47  27  48  10  76  62  52  84  69  47  30  75  43  20  3  7  3  97  56  73  58  99  38  93  63  39  78  78  86  41  92  5  23  72  76  49  15  4  98  74  68  73  31  48  56  1  8  82  11  82  75  1  16  1  32  74  31  15  12  53  25  73  33  19  40  71  91  84  1  16  72  17  73  88  0  50  27  83  67  9  38  45  
95  91  58  16  1  5  12  56  52  66  38  66  63  94  54  17  32  7  23  93  28  30  33  4  74  38  25  70  21  18  26  88  7  29  48  76  0  35  12  84  1  12  40  28  29  49  88  75  87  11  25  79  24  8  79  86  88  47  6  76  30  72  66  37  27  2  7  42  77  38  28  52  58  20  65  87  58  38  97  5  55  63  100  46  64  19  56  64  36  91  12  97  73  76  10  54  23  5  
24  48  46  100  49  70  56  96  40  66  36  68  20  35  44  24  88  93  68  59  56  14  49  23  15  27  55  4  20  61  26  95  0  27  99  23  44  76  97  23  21  37  24  47  41  14  57  35  62  45  69  53  54  55  38  2  94  30  10  96  79  64  13  7  74  14  67  17  15  12  6  15  42  30  60  26  86  23  35  96  23  98  60  18  83  4  60  93  94  69  23  14  47  34  2  84  96  37  
5  64  36  6  96  76  75  72  48  22  83  2  96  47  78  98  42  56  32  71  33  4  97  58  92  3  49  14  34  20  54  88  97  62  24  40  91  33  44  94  82  3  15  53  19  49  47  38  59  64  95  2  2  96  9  61  32  18  84  48  43  12  100  97  31  2  13  21  89  65  52  92  82  61  47  92  65  47  22  69  34  66  66  75  74  79  32  57  16  99  79  14  85  67  75  53  18  34  
53  16  43  57  26  2  64  24  55  39  54  16  74  12  33  26  71  17  31  5  4  51  65  36  83  97  11  71  34  39  82  68  23  35  50  83  39  59  58  23  56  90  74  72  22  67  38  36  58  59  13  0  52  26  59  7  35  93  33  32  45  52  1  86  19  92  19  99  35  12  59  27  51  91  30  81  8  80  44  34  5  2  27  71  36  59  78  74  32  67  4  86  69  63  54  59  58  88  
1  12  77  82  73  80  72  61  92  13  84  38  8  17  31  90  44  26  53  2  47  8  55  44  15  36  52  55  31  56  63  89  80  61  50  61  15  95  76  73  9  67  69  30  46  79  37  48  10  67  17  19  51  14  44  31  36  63  23  98  100  20  53  33  2  83  91  82  66  77  4  73  96  6  77  20  21  91  82  65  17  41  82  98  21  65  16  39  20  69  61  22  40  100  13  56  69  62  
88  99  76  72  22  76  11  73  9  48  24  58  97  51  50  5  99  19  27  31  52  17  67  51  62  64  72  70  7  52  29  67  44  71  90  72  79  77  75  69  56  35  52  90  83  99  87  9  62  26  64  67  73  10  12  94  8  10  61  29  14  68  74  82  3  44  14  100  18  57  42  87  50  11  4  67  22  60  99  85  31  12  75  24  49  53  89  7  84  89  12  78  89  54  68  71  66  60  
91  1  55  9  21  61  53  17  95  43  47  4  14  99  69  66  37  90  95  61  60  30  91  55  30  4  66  38  31  98  62  14  49  23  22  54  14  43  81  74  87  3  76  85  0  45  58  11  72  65  63  10  30  46  58  25  45  92  77  53  63  82  65  8  83  73  63  14  0  95  20  88  59  23  77  83  87  82  56  40  81  37  100  24  61  67  0  25  99  54  31  69  26  94  74  91  1  29  
10  97  42  60  2  27  45  6  62  70  97  65  14  70  57  98  10  23  98  19  42  28  44  36  95  30  4  99  66  46  48  62  80  73  55  36  17  44  93  91  87  97  82  73  72  45  81  72  43  52  100  86  99  94  28  99  19  85  63  21  47  74  8  29  87  34  51  79  0  13  50  65  11  61  2  67  14  16  27  41  55  49  1  11  33  44  57  40  99  16  74  92  85  31  66  96  58  22  
39  17  74  97  48  74  44  56  41  61  60  64  78  52  14  29  82  31  96  89  26  20  58  28  41  56  96  100  31  67  34  61  79  18  18  96  17  62  19  96  35  88  10  85  8  57  32  51  87  13  33  91  14  58  41  30  22  52  92  84  21  4  75  52  62  76  49  53  68  46  98  63  8  55  7  58  24  83  54  33  54  19  85  3  14  29  14  66  55  71  0  51  1  76  32  7  80  15  
61  26  40  80  73  86  93  45  34  16  44  23  4  21  73  13  96  74  2  70  76  30  83  38  78  82  84  98  47  85  53  93  45  44  60  80  48  54  40  38  70  38  0  81  100  62  76  5  79  99  60  25  23  86  67  51  48  27  36  100  4  9  24  34  70  6  75  32  69  15  54  45  60  97  6  68  73  22  12  15  99  15  58  17  50  78  75  48  96  84  52  78  30  57  74  70  65  83  
59  49  59  49  8  85  3  24  92  31  68  0  37  24  56  66  88  46  53  61  40  16  52  33  27  51  10  52  63  83  20  77  39  5  15  71  49  30  31  40  10  60  15  33  66  62  60  97  48  85  36  85  37  45  10  2  46  71  67  74  27  91  21  23  34  64  77  0  73  20  12  50  94  83  64  34  14  28  71  65  74  40  27  71  49  17  28  88  81  83  74  40  24  49  80  19  82  47  
61  62  32  47  27  41  79  33  42  36  2  4  53  55  80  79  78  16  62  25  16  12  30  73  76  70  64  98  16  28  42  44  85  10  81  28  7  57  71  36  78  99  60  17  41  75  10  7  91  1  3  47  68  1  89  42  58  9  45  35  10  25  28  26  95  52  54  83  78  5  69  82  64  62  30  14  27  7  18  68  46  24  50  58  62  37  90  91  75  10  43  66  23  57  23  54  92  32  
41  20  14  3  36  26  90  78  94  67  60  14  50  48  58  41  5  59  64  77  86  43  69  14  92  42  87  30  91  32  8  81  54  64  80  99  38  39  54  15  2  84  28  29  52  60  22  54  41  91  12  53  87  79  62  29  14  6  64  1  66  85  37  58  69  22  77  68  4  93  41  63  34  50  83  10  40  97  91  83  25  37  83  9  57  100  40  28  30  13  60  88  0  46  90  70  20  58  
84  57  42  87  54  8  97  7  42  14  34  68  68  28  48  46  85  56  64  73  72  9  47  100  0  98  95  54  50  37  85  24  42  59  57  2  38  26  61  86  74  12  4  1  30  65  91  54  88  9  16  43  48  86  17  68  1  90  1  9  63  76  49  89  17  85  71  86  58  54  33  52  79  4  7  91  93  75  97  40  21  40  59  97  99  44  34  14  28  12  60  19  5  9  88  40  61  54  
25  60  49  65  4  81  65  52  89  34  5  24  43  83  12  51  62  85  28  53  84  5  61  7  4  48  20  73  70  2  3  8  58  47  98  97  62  18  2  67  37  38  46  31  68  32  71  100  73  61  14  38  63  60  64  47  99  14  82  15  88  78  18  82  21  94  45  97  58  78  37  51  65  31  19  10  71  82  29  15  79  22  50  59  33  37  37  41  95  8  2  58  81  34  12  97  10  39  
66  68  95  10  24  64  68  0  66  64  23  13  28  28  20  60  2  11  12  84  62  31  50  64  73  38  30  89  63  61  49  38  66  39  32  19  61  93  29  70  61  41  82  15  44  4  55  39  63  83  28  44  14  59  33  100  20  89  75  38  6  50  22  95  42  11  100  15  24  69  76  59  2  57  39  9  21  36  17  58  6  19  73  73  9  57  28  39  38  74  36  45  44  8  28  66  82  38  
80  82  29  55  74  74  18  18  76  84  19  68  9  39  53  58  58  50  41  31  1  19  90  100  51  28  86  14  91  12  57  86  85  78  62  19  42  91  20  96  80  47  4  35  48  57  69  79  68  35  62  68  96  39  91  33  56  85  10  33  10  15  56  26  62  87  87  49  65  3  5  85  48  100  30  88  50  18  81  34  94  67  40  97  61  44  6  16  52  66  85  51  65  21  30  25  2  44  
56  26  60  77  30  11  40  60  32  100  34  62  95  73  83  13  75  9  91  49  80  9  20  15  15  31  22  55  84  20  9  35  20  88  81  42  73  65  70  51  66  69  11  74  100  37  62  78  54  74  8  72  48  14  13  41  100  43  12  89  65  78  87  50  92  19  45  64  10  47  64  33  65  89  71  93  81  29  77  20  97  60  61  39  14  94  6  36  87  78  96  27  89  81  64  99  34  85  
65  89  60  58  1  89  79  85  75  40  18  70  35  4  79  89  23  8  44  42  41  2  30  94  85  13  75  91  76  94  59  51  13  81  8  95  70  0  17  12  35  24  64  37  35  79  14  54  91  7  98  48  75  1  52  92  7  24  23  87  88  40  8  91  88  58  2  55  79  8  56  12  38  81  75  69  55  60  13  48  5  39  82  53  100  1  96  76  7  96  61  77  8  61  71  20  15  59  
78  71  93  42  64  57  56  19  72  61  31  81  14  70  93  93  17  0  68  63  15  93  13  38  12  100  13  88  7  69  7  77  89  80  7  58  22  87  39  17  72  21  50  67  12  74  69  67  48  91  83  35  25  31  31  46  67  90  53  25  76  22  41  12  100  88  74  94  18  90  70  73  39  87  93  71  93  9  46  60  42  62  57  4  23  79  74  48  69  25  73  37  38  30  45  69  88  50  
55  59  16  32  14  95  35  46  97  53  89  56  27  61  79  17  25  3  10  33  90  21  16  98  98  81  48  91  57  68  64  6  18  26  55  55  23  8  54  13  77  100  89  17  35  70  43  23  82  49  68  14  54  5  53  73  10  80  3  30  0  27  9  92  63  64  61  13  8  60  30  45  58  22  7  18  11  44  69  71  24  87  44  7  33  93  12  90  98  32  94  54  15  10  0  78  44  35  
4  80  7  71  33  64  89  49  29  80  80  30  65  5  40  33  43  70  19  94  76  4  30  35  92  44  20  60  84  85  52  91  92  11  15  76  41  99  3  90  26  86  65  2  64  51  89  94  0  41  37  32  80  19  23  61  26  24  76  100  46  92  20  85  72  66  73  86  16  75  32  18  52  13  79  88  74  17  58  3  26  59  60  94  12  41  63  90  38  73  50  20  12  61  40  68  81  17  
9  16  42  3  61  35  61  73  70  38  97  72  37  30  22  4  2  17  82  55  91  12  66  89  8  27  58  5  1  25  70  84  43  18  20  80  15  49  86  69  30  14  44  55  10  69  16  98  37  67  98  8  84  21  99  15  92  49  70  96  66  79  96  44  16  79  75  18  45  38  29  32  17  50  63  86  60  21  17  70  47  12  42  32  72  10  2  60  91  90  6  72  64  44  28  69  70  90  
66  14  75  52  32  100  8  63  43  12  2  37  84  23  52  56  98  63  67  94  48  1  1  26  85  79  25  44  87  30  28  59  73  58  2  98  46  76  55  90  16  44  46  50  47  86  5  19  22  94  92  54  99  66  18  56  20  21  43  87  7  61  39  20  6  95  65  93  50  6  32  57  72  31  38  71  1  76  69  54  23  77  69  9  51  82  45  88  31  67  68  72  54  93  33  12  65  19  
69  78  86  45  83  84  39  9  19  27  7  89  24  82  68  44  68  48  21  40  76  4  39  10  43  34  30  7  38  92  28  83  62  89  4  98  2  90  3  7  75  92  77  13  31  14  75  1  20  46  74  35  2  66  79  28  69  63  84  84  83  57  4  34  12  52  25  60  91  43  74  70  26  28  92  3  14  22  58  92  96  79  49  41  41  10  94  1  96  23  67  56  93  86  97  59  69  77  
10  19  16  96  79  46  98  85  5  48  52  78  44  11  90  24  17  36  40  77  45  95  34  21  89  69  46  95  70  26  39  14  57  9  89  28  80  51  36  58  5  91  1  69  97  28  20  44  29  81  90  85  16  85  95  36  21  59  86  60  5  30  15  65  27  62  50  52  23  39  16  90  13  74  66  67  59  87  37  10  50  80  79  84  6  11  92  19  86  62  6  55  92  86  10  70  16  85  
24  55  80  43  56  13  32  11  6  50  9  7  16  9  6  66  48  64  29  3  7  55  82  58  36  95  28  27  76  77  25  82  30  3  17  17  11  44  51  49  56  2  26  59  43  6  12  26  29  62  64  35  48  30  55  23  99  28  8  61  40  64  48  98  91  39  24  33  37  55  9  58  18  49  17  56  66  43  95  36  21  38  31  78  17  59  26  76  74  66  51  84  79  25  76  68  0  93  
7  27  52  37  67  16  100  62  61  14  8  47  54  52  61  61  7  43  31  55  29  72  87  36  52  30  58  96  33  65  69  92  66  7  77  70  86  1  16  4  91  59  57  55  2  53  47  55  38  96  82  88  40  36  60  44  70  85  91  68  93  43  10  99  88  70  89  93  53  25  100  56  91  7  20  0  54  33  24  30  19  89  49  25  58  50  47  91  18  64  0  61  13  80  36  81  11  6  
58  97  55  51  72  93  37  5  33  4  42  56  68  39  20  90  86  5  90  48  95  62  70  55  18  67  76  72  92  37  12  66  96  48  85  25  59  36  72  71  78  55  97  36  89  81  62  59  55  85  53  83  43  79  99  40  37  53  45  23  43  81  2  37  68  77  59  18  47  47  34  5  3  2  92  65  10  41  82  40  23  36  21  76  86  14  55  69  63  63  14  49  74  44  1  11  96  97  
50  85  89  25  74  93  16  52  50  6  3  57  98  27  41  74  53  33  38  12  20  6  100  96  42  40  14  6  38  83  60  84  57  61  75  10  41  5  0  61  66  57  62  74  79  27  14  1  66  14  87  83  16  4  89  59  96  12  9  51  84  38  50  33  85  64  7  72  55  50  62  63  32  59  83  92  95  52  19  93  77  8  57  94  54  97  6  24  59  1  74  30  48  27  15  72  4  31  
94  66  71  65  67  98  54  40  86  40  94  86  34  38  28  15  98  5  19  65  95  19  13  82  54  93  71  34  42  87  33  41  99  95  52  21  35  47  61  74  7  9  83  75  30  73  70  35  86  33  39  91  43  99  27  39  95  9  56  35  89  100  91  37  97  87  32  68  11  85  61  43  15  46  0  57  14  69  35  74  9  93  61  14  5  97  61  11  97  10  94  62  95  20  26  32  51  92  
28  70  87  31  53  16  97  41  56  58  61  13  94  40  56  94  82  14  47  53  36  13  76  18  18  71  78  1  96  81  80  61  98  6  52  0  59  91  66  65  84  37  95  75  32  13  7  74  20  99  28  2  77  90  72  65  46  98  74  1  83  0  84  8  70  43  23  6  22  42  17  41  13  3  24  24  81  27  66  53  90  85  76  3  33  68  18  20  40  23  70  70  90  39  61  57  83  18  
74  71  20  50  11  31  100  37  68  80  58  24  34  92  66  100  10  19  56  15  79  10  41  17  11  8  100  71  87  16  8  38  24  51  3  18  21  30  100  26  22  53  66  89  61  80  24  40  18  10  86  54  15  55  8  0  18  89  84  28  17  52  71  22  96  51  43  7  72  5  32  22  48  58  8  3  27  41  59  2  26  1  68  50  94  23  96  84  2  21  53  0  33  89  28  33  26  64  
48  25  40  47  60  17  54  42  88  73  39  99  68  36  7  14  51  17  3  3  9  68  68  90  81  90  3  31  38  63  41  81  8  75  17  23  9  8  53  34  4  78  100  18  37  75  88  84  5  81  38  27  66  48  8  54  34  27  6  84  97  95  3  41  1  56  78  68  32  15  45  34  71  76  91  68  100  73  57  80  66  20  19  39  35  83  97  51  56  37  77  91  42  84  3  84  9  0  
25  64  89  85  20  35  55  4  80  45  91  77  69  49  10  62  30  38  60  34  44  33  75  75  62  87  10  39  77  48  28  41  93  85  87  83  67  48  65  58  84  34  50  98  94  24  60  52  26  68  66  46  90  52  16  2  2  21  87  80  98  8  39  85  30  3  39  58  76  44  7  78  24  36  51  5  89  21  54  94  64  6  25  82  74  85  28  73  32  0  28  13  2  88  81  62  44  29  
47  32  89  17  90  43  0  3  50  72  18  92  40  53  90  4  84  87  74  45  67  93  18  6  62  64  9  51  1  32  97  78  9  39  53  43  68  67  85  22  64  53  79  39  23  59  47  73  60  96  28  25  47  60  67  90  30  70  93  25  84  9  40  31  80  86  28  72  89  80  93  78  88  88  0  30  70  14  40  74  83  99  88  48  75  4  15  2  0  45  50  11  80  11  12  86  7  54  
72  97  0  88  72  65  23  63  24  93  32  52  58  60  38  4  45  0  64  35  88  65  7  24  5  32  63  64  76  47  54  55  93  99  15  62  77  6  94  9  89  33  91  31  22  27  24  55  71  38  5  1  72  43  24  38  9  68  18  5  70  90  71  0  38  56  76  55  1  39  53  22  72  77  97  73  58  9  22  46  58  41  65  75  46  32  85  22  55  18  74  38  63  20  57  59  91  89  
56  27  0  67  92  72  38  86  30  11  43  28  40  84  44  60  28  61  99  67  77  85  53  82  20  61  94  17  23  76  11  83  38  13  86  80  95  68  75  21  33  28  36  87  33  91  74  48  27  38  67  32  42  45  4  94  44  18  100  29  18  97  29  34  57  24  16  60  65  20  12  88  53  79  44  10  19  71  80  99  69  31  31  64  12  15  100  15  98  25  45  75  77  80  40  68  32  87  
80  55  38  18  18  49  74  23  19  58  58  13  61  74  39  55  12  31  46  66  0  70  27  30  80  76  11  60  5  65  64  5  33  81  38  22  88  82  27  77  57  67  38  22  84  12  96  45  23  59  33  7  17  65  28  85  32  27  9  65  72  89  15  59  35  73  97  23  14  9  45  100  66  81  22  89  63  38  50  93  100  75  96  87  94  10  44  45  59  37  36  100  15  45  85  53  45  84  
72  23  28  2  79  18  87  87  91  76  52  0  37  24  82  21  60  82  73  84  1  28  77  89  9  91  100  12  90  76  63  11  51  84  64  70  11  42  46  3  3  96  0  33  4  53  55  39  54  28  64  81  14  10  80  3  2  75  77  6  11  89  22  4  64  88  88  48  16  31  1  74  86  56  22  63  68  3  29  54  12  5  75  56  9  95  60  69  34  31  65  61  77  67  30  18  43  64  
17  27  15  33  13  34  51  48  62  48  97  17  93  36  15  26  36  45  2  71  42  71  88  38  5  48  42  72  32  81  59  59  46  76  69  74  54  9  43  9  30  8  64  35  28  96  25  31  95  97  22  87  15  75  49  42  20  51  57  76  69  17  14  86  45  48  88  22  48  91  40  2  94  86  41  41  51  100  67  85  29  35  93  33  97  23  8  4  0  34  12  36  64  21  8  72  14  29  
31  51  92  79  75  34  33  24  0  89  37  98  57  74  59  61  71  39  11  87  100  89  7  56  34  47  19  59  68  40  42  14  58  29  62  18  46  14  56  14  86  22  69  31  59  26  16  44  79  36  72  8  13  49  58  89  17  48  88  2  50  5  86  25  13  77  75  72  63  25  81  50  58  98  13  8  27  38  39  97  54  86  85  81  77  9  34  97  40  34  16  35  85  86  97  48  51  74  
94  63  1  26  58  3  47  99  69  29  7  97  45  96  52  94  89  58  52  63  46  21  64  68  62  83  82  21  77  59  55  76  11  25  29  48  9  90  16  34  15  63  14  80  24  11  15  70  50  95  24  55  7  65  20  83  18  54  51  72  78  26  68  64  46  54  34  8  75  22  2  45  71  26  60  82  12  12  80  9  64  48  94  95  58  28  79  25  62  10  95  69  23  60  30  53  36  81  
81  73  100  91  11  93  95  46  100  65  86  81  60  30  94  13  72  29  52  47  57  65  64  9  45  89  13  48  16  53  32  88  17  52  76  91  44  79  0  34  94  60  83  50  89  73  3  31  53  74  63  52  69  46  70  39  13  93  85  3  84  98  88  87  50  66  97  100  29  17  49  66  85  69  4  95  1  17  2  22  2  75  18  19  49  97  44  32  38  95  96  92  12  25  61  9  22  28  
99  47  57  100  7  90  83  91  4  35  100  53  92  16  31  15  21  60  81  66  90  75  19  70  58  36  80  4  42  38  85  59  0  36  32  9  12  54  23  100  99  40  19  100  54  92  21  85  12  51  10  73  5  12  7  78  5  3  42  42  31  40  53  82  55  10  37  46  90  66  85  11  80  49  0  13  65  54  27  13  15  77  38  47  96  15  37  94  90  85  48  70  82  13  15  97  54  68  
10  41  85  44  18  49  3  75  45  70  28  87  45  38  41  9  9  94  93  82  60  64  33  83  79  59  2  92  29  71  28  90  45  66  23  89  67  28  61  29  21  87  89  2  55  81  73  64  16  3  91  15  93  72  72  37  4  43  72  85  29  72  39  62  9  23  5  7  37  91  60  33  37  95  97  58  55  64  39  6  91  100  20  100  96  93  72  70  99  21  49  46  84  18  65  61  19  98  
0  2  12  94  95  100  69  67  91  51  15  17  33  82  27  48  80  27  72  26  51  86  45  60  74  58  7  52  79  65  64  15  30  68  51  4  90  82  16  4  68  48  19  34  38  84  49  12  31  16  96  75  18  42  94  22  70  10  91  98  3  62  1  42  72  95  4  79  77  23  52  43  90  100  16  0  70  15  13  49  96  11  54  45  2  3  87  56  67  88  14  53  83  66  18  49  34  77  
51  83  55  77  55  89  7  29  12  49  3  15  27  63  75  11  56  94  72  8  21  25  22  83  5  29  65  13  95  93  96  29  9  79  88  13  15  100  66  86  7  70  25  50  64  6  45  66  98  38  96  9  7  37  70  67  86  2  11  64  80  26  44  61  97  99  37  38  12  88  10  85  12  87  26  84  39  70  21  82  14  53  14  42  66  62  49  2  68  28  69  31  18  45  81  47  15  49  
75  55  63  79  57  26  31  5  94  38  85  57  48  52  51  12  30  95  48  85  30  79  8  92  61  33  61  59  88  43  16  100  80  37  87  54  47  58  19  65  86  60  64  78  3  88  45  61  77  94  34  17  10  13  51  29  24  91  30  32  0  87  92  2  89  20  26  66  63  100  68  13  11  6  3  5  3  49  18  31  7  92  56  34  56  8  25  12  59  98  90  89  43  89  95  7  26  54  
34  67  29  30  62  57  19  36  90  75  85  95  92  56  43  3  12  99  89  68  63  63  1  52  45  50  16  69  94  6  4  55  2  58  51  22  66  0  38  51  91  54  98  54  60  4  88  87  48  88  12  13  63  65  30  17  53  74  73  24  19  11  11  74  5  36  52  83  68  96  64  80  66  85  1  90  13  91  88  44  73  71  0  99  99  54  44  85  84  25  27  21  9  30  45  17  32  84  
92  36  90  47  92  87  52  71  83  52  37  62  100  53  33  97  13  44  40  21  38  42  11  16  59  46  62  2  66  29  80  94  38  92  52  100  27  85  89  5  2  41  39  55  92  64  82  80  9  37  75  41  95  10  80  61  97  8  62  56  47  10  18  26  55  93  96  44  97  86  99  46  6  72  53  98  92  95  3  99  97  99  62  68  61  70  55  78  11  63  13  28  30  35  30  8  79  19  
66  56  69  51  52  81  68  30  85  37  68  27  0  91  19  44  35  80  17  20  65  67  25  92  31  33  10  10  87  86  86  60  11  42  40  84  10  91  67  56  4  88  48  4  41  43  12  23  45  21  53  76  35  36  26  69  15  19  73  56  7  5  50  9  11  3  64  52  42  60  31  46  29  44  38  23  77  27  95  100  61  22  35  11  16  75  15  14  20  20  51  33  53  16  21  7  93  9  
22  31  36  50  8  43  63  97  88  72  65  97  70  56  69  4  83  1  100  21  50  64  59  1  46  92  36  23  86  54  31  91  80  56  100  68  70  77  79  99  62  51  40  25  93  78  95  14  54  99  82  48  15  86  93  33  100  74  63  7  69  55  97  34  92  17  49  63  52  65  19  92  89  59  68  82  0  68  100  62  87  33  34  91  73  83  64  45  37  71  91  77  80  24  66  16  65  6  
99  37  57  77  31  19  12  71  35  44  71  41  34  70  99  4  99  6  28  70  32  79  14  92  87  38  37  43  58  98  86  31  0  18  40  27  85  61  5  14  4  87  93  95  75  73  33  51  10  85  10  51  34  8  83  69  33  25  15  20  74  55  43  61  54  41  50  13  80  81  31  65  62  77  25  79  52  57  63  3  54  5  35  15  94  4  46  87  98  49  81  98  15  62  93  95  79  36  
70  42  1  77  1  60  17  54  17  47  21  42  30  51  16  56  16  93  62  61  99  94  19  46  21  92  74  3  85  55  16  97  90  42  91  86  100  55  30  77  83  38  31  10  41  94  66  88  53  70  84  44  11  81  94  12  11  81  76  5  29  92  61  86  26  76  45  44  90  1  55  23  80  48  39  6  56  95  64  93  12  96  37  94  81  92  75  80  88  48  99  68  62  71  3  3  4  44  
69  84  86  24  58  21  7  38  2  12  71  57  10  89  84  56  4  63  23  28  14  98  87  49  74  99  72  73  78  63  84  89  16  78  2  64  86  48  60  96  50  48  36  63  39  54  14  24  25  90  32  94  41  10  97  16  37  34  67  31  14  64  46  27  33  41  51  32  75  49  79  21  90  61  34  6  29  38  93  65  83  55  12  71  47  35  44  52  27  31  99  73  60  11  0  43  74  10  
84  74  36  28  7  88  36  28  11  70  81  38  52  67  36  21  1  52  33  10  44  71  48  60  62  88  41  69  64  81  49  70  87  95  70  22  84  57  28  56  64  38  95  0  31  39  3  68  9  11  40  95  0  55  98  93  50  88  77  83  76  34  75  63  92  66  99  92  35  89  61  34  46  99  90  56  85  64  69  15  51  2  46  93  40  11  47  79  83  98  36  6  41  41  42  32  43  57  
15  2  23  17  71  45  57  72  86  3  76  61  46  40  30  74  24  31  51  31  62  2  88  74  18  47  91  59  89  73  13  40  92  17  77  68  23  98  49  60  74  42  82  91  51  47  45  71  45  20  73  9  32  51  22  90  91  18  51  75  86  97  46  38  66  9  73  100  18  72  75  58  12  62  85  85  72  31  26  70  40  38  73  98  66  10  10  17  83  44  84  67  78  78  72  83  78  33  
66  67  72  18  56  13  81  0  66  50  76  5  97  84  96  45  99  94  93  44  91  18  19  21  32  61  100  62  65  49  36  41  10  15  32  80  72  61  30  69  17  78  50  10  45  85  42  68  41  93  83  46  40  53  48  45  96  16  36  17  100  22  82  90  25  77  84  65  19  15  2  59  56  1  23  81  35  46  37  16  22  59  76  57  62  79  45  17  80  87  44  17  19  15  50  4  22  44  
6  57  36  11  92  66  100  12  10  96  46  45  96  64  34  1  49  13  73  32  43  29  6  90  71  75  29  68  24  71  28  94  27  46  100  59  29  54  31  4  75  74  67  57  89  33  51  37  44  5  98  66  23  14  71  2  62  52  61  70  75  38  99  43  74  75  88  41  52  82  89  35  30  68  80  61  98  71  60  42  72  51  48  68  15  46  91  86  80  92  20  1  82  56  53  57  65  30  
36  52  74  66  33  27  83  96  85  84  72  9  34  1  92  64  38  12  22  99  3  25  3  0  14  31  23  23  30  56  68  21  26  28  93  69  46  85  73  28  58  67  73  97  17  1  60  78  47  30  48  66  33  83  33  100  87  25  30  44  64  14  83  99  93  40  87  45  27  32  54  51  32  76  27  64  51  21  71  54  29  18  40  30  76  94  27  98  96  35  86  29  23  17  12  14  70  79  
66  20  74  91  50  65  18  94  89  63  52  35  3  27  94  32  66  89  84  49  9  6  21  76  83  43  71  34  21  9  35  100  80  28  30  3  59  24  57  51  44  55  50  44  62  31  60  97  47  70  8  0  30  43  44  95  78  100  53  68  70  73  54  16  50  54  45  94  56  9  48  43  37  32  41  94  92  55  24  98  4  78  85  51  22  65  80  38  99  43  77  77  78  81  11  41  98  5  
50  62  13  59  19  21  68  53  78  68  86  74  15  18  12  17  19  13  93  6  9  54  95  49  91  94  27  8  87  16  73  73  78  24  61  28  80  68  64  36  62  24  96  23  19  82  27  36  3  49  54  81  15  14  86  47  89  91  22  58  78  53  32  12  51  64  67  84  93  92  6  37  40  76  19  55  5  82  26  11  76  16  34  8  58  32  96  55  33  40  48  73  40  89  92  13  96  15  
95  33  47  96  4  36  17  61  5  100  15  83  49  86  38  28  35  87  5  74  92  3  1  46  4  36  37  59  79  76  6  72  57  21  35  65  25  34  68  11  4  15  69  64  74  49  21  83  28  69  51  48  72  9  9  40  2  70  59  39  87  55  62  63  7  49  37  10  9  37  30  27  91  48  50  94  43  11  96  66  58  55  0  18  60  58  49  83  3  55  9  14  52  24  61  72  89  52  
72  25  84  7  82  45  3  51  26  13  44  15  88  36  79  12  7  72  29  43  45  56  77  2  77  82  14  61  13  25  49  75  4  49  25  41  46  3  82  98  72  50  80  35  60  31  21  3  62  23  67  91  9  79  45  14  27  21  10  80  97  52  82  27  94  6  90  76  11  58  62  76  63  71  66  38  20  84  36  39  34  98  12  44  30  10  44  50  9  75  8  44  85  34  64  97  93  21  
81  94  22  15  11  16  8  72  8  39  51  69  37  9  0  88  98  70  25  13  69  37  74  55  9  24  60  12  48  98  94  43  81  88  100  55  34  89  44  5  100  80  72  75  23  55  31  79  39  99  88  44  24  47  32  96  76  81  56  36  80  12  3  60  10  91  4  8  2  29  70  6  53  4  1  31  39  90  27  88  34  84  49  77  11  31  78  60  68  69  22  12  9  37  93  30  26  82  
37  41  54  17  92  79  42  54  17  1  42  8  77  21  20  43  12  66  14  5  93  16  55  53  43  33  7  55  56  4  20  42  1  84  21  99  9  20  74  82  72  100  60  3  9  4  97  8  75  7  59  35  75  97  21  99  43  93  47  17  61  10  22  33  19  57  95  59  41  95  67  21  46  47  8  30  15  36  36  37  39  50  95  62  84  34  96  34  2  86  42  7  31  98  35  48  26  43  
81  77  82  99  8  64  86  2  67  64  73  81  4  99  31  24  34  45  63  18  96  46  81  81  10  5  22  87  44  89  41  75  48  21  20  52  96  27  48  82  6  78  72  61  43  60  11  1  48  96  77  93  33  87  20  84  68  79  28  43  94  19  24  10  66  79  23  6  17  1  98  7  32  1  20  76  20  64  84  54  35  1  59  41  58  18  41  32  57  98  80  21  44  58  15  10  45  60  
77  79  85  27  94  96  52  96  16  72  61  49  96  5  93  11  13  63  99  76  72  11  5  30  43  27  89  20  62  58  71  90  68  75  17  99  98  5  97  67  83  38  43  37  64  7  2  25  5  52  77  81  71  8  18  7  49  43  71  2  87  55  84  97  51  65  7  66  3  24  15  1  71  2  54  12  2  88  98  98  5  80  15  68  62  85  52  22  96  16  79  43  15  23  84  77  70  19  
5  50  63  86  88  50  97  86  45  61  31  72  1  55  24  47  34  15  64  90  2  91  11  96  45  76  51  44  52  27  14  74  49  70  10  39  21  78  30  29  75  9  8  54  57  3  94  65  71  22  51  89  96  62  82  7  22  6  75  29  58  23  33  1  98  97  78  33  2  18  41  38  80  76  0  94  45  18  22  55  38  41  24  5  36  93  86  96  70  13  56  91  47  58  53  58  72  38  
0  85  55  40  2  88  83  81  92  45  91  57  96  40  91  33  85  54  18  16  72  42  31  11  73  78  53  32  25  93  54  99  91  95  27  0  76  90  39  79  95  39  69  67  98  70  54  9  92  79  40  90  63  48  3  100  0  80  50  58  53  82  99  5  62  19  13  26  24  71  28  87  76  6  87  49  66  92  21  97  79  46  92  34  100  8  89  46  99  64  39  19  62  21  51  70  10  49  
64  26  54  26  86  84  93  61  82  51  28  27  75  87  51  89  18  23  89  47  32  58  40  48  91  39  92  12  38  3  85  61  41  81  95  84  43  32  23  8  67  79  18  32  23  65  100  56  74  68  72  43  59  94  8  77  18  14  88  93  24  84  100  53  36  90  56  95  26  20  80  14  89  78  87  32  36  99  66  92  3  56  5  43  26  13  39  52  32  20  5  34  66  62  81  42  4  58  
2  92  7  75  22  1  99  57  96  24  57  75  93  83  74  80  98  48  27  46  11  1  82  50  65  44  58  18  50  31  23  87  45  81  64  29  16  56  2  46  30  71  72  42  67  25  5  66  52  12  47  74  58  36  67  41  8  11  47  78  23  25  16  37  79  99  64  81  16  15  36  98  15  13  33  47  15  38  51  7  30  60  63  39  61  28  23  42  64  48  35  96  40  57  85  90  37  90  
88  64  13  97  17  3  31  40  44  63  50  49  4  68  40  66  6  98  39  62  67  66  16  33  49  87  99  65  65  31  96  77  97  23  41  57  85  37  43  75  77  7  61  90  13  99  51  69  44  24  46  47  38  17  92  9  44  30  75  71  15  70  85  35  14  27  32  49  95  57  16  54  100  80  33  31  55  12  24  78  60  91  98  47  48  78  59  51  93  35  60  23  67  7  57  22  5  100  
